AA
8.247077600783 2.055594055721 0.197047295268 -1.816419151969 -1.383022761257 -2.161393572924 4.432305403224 -2.310375886694 -3.944557880006 0.769629623151 2.062444158436 -20.575962835754 -7.729500688730 1.258908697110 -0.115107629200 1.907969777489 -0.560043737560 1.780927707667 
2.055594055721 2.351969414525 1.241405074774 0.220904902705 -0.877775085426 0.962460016662 -0.655741326721 0.486127238700 0.143928801746 1.955685503748 -0.064627218024 -6.250038453452 -2.494309932837 -0.488486155011 -0.936348390151 0.758593681821 0.544518505415 -0.710466052928 
0.197047295268 1.241405074774 4.925931721388 1.032515330915 -2.754923807413 1.715883601046 -2.271425127781 0.120755327174 1.230091571099 3.386767614262 -0.263905859217 -0.715061347832 -0.338930421461 -0.486557252687 -2.531232769198 0.048601382050 1.301855443083 -1.151415979724 
-1.816419151969 0.220904902705 1.032515330915 8.220451973825 -3.559233014611 -0.337088470800 0.565515328057 1.488608066741 2.530227145040 0.204066846842 -1.124634767154 4.621537586802 1.665453619263 -0.155808386455 -0.258992289355 -0.401477436554 0.231390126175 0.808582027814 
-1.383022761257 -0.877775085426 -2.754923807413 -3.559233014611 42.742177016611 -4.812541587071 1.310574189659 0.571733948833 1.697585773455 -0.722108738153 1.271422604876 3.764209815443 0.659134550384 0.917086210520 0.655272520901 -0.876285396522 -1.897300927598 0.951850223120 
-2.161393572924 0.962460016662 1.715883601046 -0.337088470800 -4.812541587071 17.828690328311 -18.914396161813 -0.738494070864 -0.480951510458 4.385743186276 1.474916075417 -2.500368844434 1.131997177725 -1.185133295711 -1.476904818408 1.334253866176 1.695505729167 -15.095002715907 
4.432305403224 -0.655741326721 -2.271425127781 0.565515328057 1.310574189659 -18.914396161813 29.854958608281 0.843986428488 0.956192356666 -5.309128881294 -0.202529728446 -7.153637158993 -3.735294513200 2.339550131334 1.950171794692 -1.794040609713 -2.217986636479 18.225975965701 
-2.310375886694 0.486127238700 0.120755327174 1.488608066741 0.571733948833 -0.738494070864 0.843986428488 6.380619847941 3.378064647255 -0.004829485879 -1.989012204944 5.318447329805 1.859248231656 -0.706311824198 -0.996639024079 -0.770965274908 0.891905470875 2.388151631894 
-3.944557880006 0.143928801746 1.230091571099 2.530227145040 1.697585773455 -0.480951510458 0.956192356666 3.378064647255 9.573585580998 0.942067317254 -3.533367217577 6.546153599754 3.824279427170 0.021912900384 -0.585039542681 -2.734343314849 0.464378331210 0.092363426798 
0.769629623151 1.955685503748 3.386767614262 0.204066846842 -0.722108738153 4.385743186276 -5.309128881294 -0.004829485879 0.942067317254 5.970728728877 2.009405500924 -3.110708825685 -1.308467406336 -0.395306502502 -3.067224104161 0.550256641300 1.321460224416 -3.917575637174 
2.062444158436 -0.064627218024 -0.263905859217 -1.124634767154 1.271422604876 1.474916075417 -0.202529728446 -1.989012204944 -3.533367217577 2.009405500924 6.685652800335 -3.460626883072 -2.601783445735 0.962235547841 -1.372708193303 0.258262630280 -0.912187668301 -0.284675312638 
-20.575962835754 -6.250038453452 -0.715061347832 4.621537586802 3.764209815443 -2.500368844434 -7.153637158993 5.318447329805 6.546153599754 -3.110708825685 -3.460626883072 71.794718186676 20.252849906839 -1.251781972217 0.208187345280 -5.181690115332 1.751932092580 3.830726187757 
-7.729500688730 -2.494309932837 -0.338930421461 1.665453619263 0.659134550384 1.131997177725 -3.735294513200 1.859248231656 3.824279427170 -1.308467406336 -2.601783445735 20.252849906839 8.142732771697 -1.044482023788 0.330396618061 -1.646853974179 0.214041337770 -1.551140739497 
1.258908697110 -0.488486155011 -0.486557252687 -0.155808386455 0.917086210520 -1.185133295711 2.339550131334 -0.706311824198 0.021912900384 -0.395306502502 0.962235547841 -1.251781972217 -1.044482023788 2.100935528300 0.364766049290 -0.532990642766 -0.864416584881 1.370047171381 
-0.115107629200 -0.936348390151 -2.531232769198 -0.258992289355 0.655272520901 -1.476904818408 1.950171794692 -0.996639024079 -0.585039542681 -3.067224104161 -1.372708193303 0.208187345280 0.330396618061 0.364766049290 5.250612415783 1.152855228718 -1.549506986339 0.643719843072 
1.907969777489 0.758593681821 0.048601382050 -0.401477436554 -0.876285396522 1.334253866176 -1.794040609713 -0.770965274908 -2.734343314849 0.550256641300 0.258262630280 -5.181690115332 -1.646853974179 -0.532990642766 1.152855228718 9.329614881435 -3.676445867457 -1.223405852149 
-0.560043737560 0.544518505415 1.301855443083 0.231390126175 -1.897300927598 1.695505729167 -2.217986636479 0.891905470875 0.464378331210 1.321460224416 -0.912187668301 1.751932092580 0.214041337770 -0.864416584881 -1.549506986339 -3.676445867457 41.611972784756 0.184680995437 
1.780927707667 -0.710466052928 -1.151415979724 0.808582027814 0.951850223120 -15.095002715907 18.225975965701 2.388151631894 0.092363426798 -3.917575637174 -0.284675312638 3.830726187757 -1.551140739497 1.370047171381 0.643719843072 -1.223405852149 0.184680995437 17.689250093528 

-85.905823885888 -22.541496906365 1.035572762739 24.556955249389 16.383641601040 -10.742125699492 -25.200816790689 29.580316941019 53.025596174282 -10.682192365115 -27.392785807339 269.768908903175 85.608999939830 -7.026824947791 1.139324380381 -24.394756946907 7.999137587790 12.323448230918 

AC
9.657719651391 2.138033132659 0.460259069045 -1.373416742346 -1.829713688534 -2.170546805195 2.422190948058 -2.918702213546 -3.063627213700 0.412051057135 2.181691931164 -24.326654781358 -8.505774705993 2.369112027119 -0.255158081500 1.772779982419 0.179919559055 2.160731957629 
2.138033132659 2.357514901643 0.952492698765 0.126795413558 -0.300055732186 1.143623997560 -0.978858910838 0.292306616608 0.185834492339 1.627906293718 0.281604589549 -5.335309007442 -2.951802118514 -0.614657816557 -0.872091829087 0.181937169479 0.687422397590 -1.437094244186 
0.460259069045 0.952492698765 4.758653011094 0.837591121220 -0.485878942314 0.665021081060 -1.374649220833 -0.007816953391 1.131465886974 2.780482947482 0.191553409866 -0.794494913792 -0.752511665714 -0.379493696782 -2.465259370738 -0.389833240162 1.449403444622 -0.640464583450 
-1.373416742346 0.126795413558 0.837591121220 8.133826272132 -3.847920508660 -0.351447369775 0.611367299854 1.612527558510 2.204610220393 -0.331243507136 -0.230481681272 3.444672020420 1.541753364773 -0.245300240956 -0.312630793965 -0.482803294958 0.866636516194 1.133578862960 
-1.829713688534 -0.300055732186 -0.485878942314 -3.847920508660 41.968439059870 -0.689542109463 3.080140256169 0.495338652247 1.728128314445 -1.011742109284 -1.259429508722 3.639325366846 0.572989609775 0.241674804513 1.105511167771 -0.891637935848 -2.352462077335 0.460469155211 
-2.170546805195 1.143623997560 0.665021081060 -0.351447369775 -0.689542109463 19.188778947961 -21.627771727864 1.051207243632 -0.322278606367 3.116674494968 0.910217774032 0.269933701575 -1.455161136012 -2.710779636858 -1.009894583020 0.317104708363 0.584771884828 -17.232055201558 
2.422190948058 -0.978858910838 -1.374649220833 0.611367299854 3.080140256169 -21.627771727864 33.745395584138 0.610494151502 2.116207745229 -4.647612741458 -1.147028991503 -1.915394742904 0.446428740850 3.074709454058 1.625392420246 -1.008235142878 -3.180242207808 21.349441515198 
-2.918702213546 0.292306616608 -0.007816953391 1.612527558510 0.495338652247 1.051207243632 0.610494151502 6.955107688848 3.272525734349 0.351707117814 -0.195648033171 8.583483880261 2.340502253918 -1.203735205947 -0.902267119913 -1.479711534978 0.674397561197 0.189634745997 
-3.063627213700 0.185834492339 1.131465886974 2.204610220393 1.728128314445 -0.322278606367 2.116207745229 3.272525734349 9.342508268367 0.937586970583 -2.358001212525 3.908240820905 2.838231290408 0.097937551759 -0.552165962058 -2.710030508705 0.910309976303 1.403779159104 
0.412051057135 1.627906293718 2.780482947482 -0.331243507136 -1.011742109284 3.116674494968 -4.647612741458 0.351707117814 0.937586970583 4.051449366100 0.624659109382 -1.184414667901 -1.549222662653 -1.105373285047 -2.359489109492 -0.331579735111 1.104597644900 -3.619751672766 
2.181691931164 0.281604589549 0.191553409866 -0.230481681272 -1.259429508722 0.910217774032 -1.147028991503 -0.195648033171 -2.358001212525 0.624659109382 6.881140707508 -0.334346855835 -2.083684420582 0.034843493830 -0.811178462357 0.559293698776 -0.599054902746 -0.502776648667 
-24.326654781358 -5.335309007442 -0.794494913792 3.444672020420 3.639325366846 0.269933701575 -1.915394742904 8.583483880261 3.908240820905 -1.184414667901 -0.334346855835 80.630149143719 23.225103013388 -5.216249340728 0.490296843638 -4.575605766585 1.356245178870 -1.409534586911 
-8.505774705993 -2.951802118514 -0.752511665714 1.541753364773 0.572989609775 -1.455161136012 0.446428740850 2.340502253918 2.838231290408 -1.549222662653 -2.083684420582 23.225103013388 9.405969631809 -1.097089837028 0.437810448672 -1.598128995791 0.518971255136 2.183210654793 
2.369112027119 -0.614657816557 -0.379493696782 -0.245300240956 0.241674804513 -2.710779636858 3.074709454058 -1.203735205947 0.097937551759 -1.105373285047 0.034843493830 -5.216249340728 -1.097089837028 2.144834344254 0.146394476349 0.159162263610 0.212185967760 2.609080218743 
-0.255158081500 -0.872091829087 -2.465259370738 -0.312630793965 1.105511167771 -1.009894583020 1.625392420246 -0.902267119913 -0.552165962058 -2.359489109492 -0.811178462357 0.490296843638 0.437810448672 0.146394476349 11.379773432984 -3.293638442368 -13.591219895330 -0.196390897250 
1.772779982419 0.181937169479 -0.389833240162 -0.482803294958 -0.891637935848 0.317104708363 -1.008235142878 -1.479711534978 -2.710030508705 -0.331579735111 0.559293698776 -4.575605766585 -1.598128995791 0.159162263610 -3.293638442368 7.674063305834 8.602972615733 0.097183835955 
0.179919559055 0.687422397590 1.449403444622 0.866636516194 -2.352462077335 0.584771884828 -3.180242207808 0.674397561197 0.910309976303 1.104597644900 -0.599054902746 1.356245178870 0.518971255136 0.212185967760 -13.591219895330 8.602972615733 59.694607315617 2.056404142829 
2.160731957629 -1.437094244186 -0.640464583450 1.133578862960 0.460469155211 -17.232055201558 21.349441515198 0.189634745997 1.403779159104 -3.619751672766 -0.502776648667 -1.409534586911 2.183210654793 2.609080218743 -0.196390897250 0.097183835955 2.056404142829 20.294493357943 

-96.628310260538 -19.156814494651 0.609480274089 19.428278065311 17.733337433006 1.682354005253 -4.037048574126 38.906220763022 42.113717544564 -1.568326091039 -12.682337890118 291.777289565570 91.558516575666 -18.190704782967 2.118286938173 -24.105606338538 8.364883602195 -1.598669782032 

AG
8.111301117429 2.055061144548 0.211648920026 -1.451823798220 -2.017190631489 -2.109114104156 4.182633076153 -2.025516711377 -3.276794996071 1.189780861096 2.379436360685 -20.613855123747 -7.714681471644 0.960582295216 -0.705341813548 1.834480443728 -0.196876624884 1.554314594011 
2.055061144548 2.339850877150 1.183194228334 0.250532176628 -0.792909432844 0.943047734986 -0.537215871133 0.976798292170 0.315570121714 1.700203456609 0.400799065773 -5.554010121773 -2.651736442480 -0.163288761507 -1.457901074523 -0.044856395533 0.662486393789 0.159171913355 
0.211648920026 1.183194228334 4.747031340269 1.009985655999 -3.770230479220 1.137315811929 -1.756489972215 0.434320981482 1.144169722108 3.264270137626 0.038270019664 -0.566399845975 -0.349780197142 -0.510427313761 -2.670188134236 0.050254162249 1.639398860154 -0.305242921347 
-1.451823798220 0.250532176628 1.009985655999 7.987334072429 -4.126385037621 -0.497486839956 0.420043519777 0.837361035628 2.120024570176 -0.346612829984 -0.763526192777 3.350902238980 1.417922427363 -0.085896617086 -0.352598283682 -1.351567723020 0.366483079322 0.246389270336 
-2.017190631489 -0.792909432844 -3.770230479220 -4.126385037621 43.019045389135 -2.168085925941 3.474988506533 0.695372981413 1.885221058759 -1.420567841045 -0.416020666146 4.192562869067 0.678636948996 0.873875018006 1.094598258317 -1.288850191500 -1.879151579945 2.393135272036 
-2.109114104156 0.943047734986 1.137315811929 -0.497486839956 -2.168085925941 17.704814318156 -19.513663413345 -0.127272332446 -1.152010858042 3.597746778115 1.249035564439 -1.188001773144 0.437067996337 -0.500428040010 -1.858672361089 1.136067105445 2.443566097532 -13.573341490288 
4.182633076153 -0.537215871133 -1.756489972215 0.420043519777 3.474988506533 -19.513663413345 30.370314729868 0.958417695772 1.947822882766 -4.772595591770 -0.351538420012 -6.320858016987 -2.876418047426 1.982102342522 2.392782982076 -2.135866114740 -3.166955273393 17.317472309270 
-2.025516711377 0.976798292170 0.434320981482 0.837361035628 0.695372981413 -0.127272332446 0.958417695772 6.182095459598 2.957736660449 0.441538126396 -1.510872970528 5.099845032443 1.610788012124 0.070229847010 -0.909037420173 -1.003759421216 1.043211194749 2.397826537360 
-3.276794996071 0.315570121714 1.144169722108 2.120024570176 1.885221058759 -1.152010858042 1.947822882766 2.957736660449 8.604387829816 1.149281123769 -2.617392905936 4.959882431193 3.249056314110 0.037026623089 -0.328658738079 -2.253807352555 0.029280435198 0.466621405878 
1.189780861096 1.700203456609 3.264270137626 -0.346612829984 -1.420567841045 3.597746778115 -4.772595591770 0.441538126396 1.149281123769 4.978364115686 1.462858419064 -4.037888456781 -1.721460191624 -0.359475092324 -2.845063034308 -0.074570318627 1.675638730126 -2.728397405889 
2.379436360685 0.400799065773 0.038270019664 -0.763526192777 -0.416020666146 1.249035564439 -0.351538420012 -1.510872970528 -2.617392905936 1.462858419064 5.395006663614 -3.491702154001 -3.021364965861 0.936971731739 -1.380384631125 -0.236373015210 -1.158521167444 -0.110108271055 
-20.613855123747 -5.554010121773 -0.566399845975 3.350902238980 4.192562869067 -1.188001773144 -6.320858016987 5.099845032443 4.959882431193 -4.037888456781 -3.491702154001 71.135653878318 20.564018451670 -0.741515677436 1.587087245631 -4.194067114559 0.810248902481 4.571330150488 
-7.714681471644 -2.651736442480 -0.349780197142 1.417922427363 0.678636948996 0.437067996337 -2.876418047426 1.610788012124 3.249056314110 -1.721460191624 -3.021364965861 20.564018451670 8.698442207991 -1.256585674308 0.507686428273 -1.424699371862 0.638324419641 -1.282988964681 
0.960582295216 -0.163288761507 -0.510427313761 -0.085896617086 0.873875018006 -0.500428040010 1.982102342522 0.070229847010 0.037026623089 -0.359475092324 0.936971731739 -0.741515677436 -1.256585674308 2.071161183050 1.251790300121 -0.051226854392 -2.471375244497 1.963231294248 
-0.705341813548 -1.457901074523 -2.670188134236 -0.352598283682 1.094598258317 -1.858672361089 2.392782982076 -0.909037420173 -0.328658738079 -2.845063034308 -1.380384631125 1.587087245631 0.507686428273 1.251790300121 10.448811203158 2.102401771138 -11.910373757535 3.037057248236 
1.834480443728 -0.044856395533 0.050254162249 -1.351567723020 -1.288850191500 1.136067105445 -2.135866114740 -1.003759421216 -2.253807352555 -0.074570318627 -0.236373015210 -4.194067114559 -1.424699371862 -0.051226854392 2.102401771138 7.205345885665 -5.681659191263 -1.451299003061 
-0.196876624884 0.662486393789 1.639398860154 0.366483079322 -1.879151579945 2.443566097532 -3.166955273393 1.043211194749 0.029280435198 1.675638730126 -1.158521167444 0.810248902481 0.638324419641 -2.471375244497 -11.910373757535 -5.681659191263 60.728894715850 -3.176518427781 
1.554314594011 0.159171913355 -0.305242921347 0.246389270336 2.393135272036 -13.573341490288 17.317472309270 2.397826537360 0.466621405878 -2.728397405889 -0.110108271055 4.571330150488 -1.282988964681 1.963231294248 3.037057248236 -1.451299003061 -3.176518427781 17.553779992027 

-83.836736739482 -19.784484148523 1.690717124800 18.715173035393 18.210093685797 -6.521141374337 -20.256958168717 27.006460152394 43.633265754793 -11.685078283369 -24.222994729885 262.497648547408 84.189173248546 -5.148653361723 4.663652998743 -19.694461589605 5.421113797885 14.382515090624 

AT
9.917779745412 2.038201319944 -0.106853435040 -1.204499573389 -0.324796397104 -1.939219845488 1.679866687527 -1.776296653527 -2.115284219784 -0.746793479459 2.102553727129 -24.760803401830 -8.994185866291 2.785150813381 0.269973754151 1.176878714740 0.047468316659 1.966910219572 
2.038201319944 2.389738158818 0.680504218195 0.342819049922 -0.180534104167 0.978422887334 -1.100184476813 -0.210737782482 0.536340951658 1.147965058060 0.429328040352 -5.804911396012 -2.785150813381 -0.573890108823 -0.655061266767 -0.139190550031 0.748862160087 -1.236022408283 
-0.106853435040 0.680504218195 4.837716621361 0.729106002117 -1.642021585807 0.425756966362 -0.749838623074 -0.481321513844 0.568921293717 3.042139189180 -0.742898102730 -0.260977030392 -0.269973754151 -0.655061266767 -2.663614897081 -0.247101027310 1.016345441744 -0.547519335350 
-1.204499573389 0.342819049922 0.729106002117 8.332916030184 -3.827528191695 -0.082511221606 -0.172161308336 1.382921373948 2.506967975239 -0.279891086553 0.424888088640 2.856153281185 1.176878714740 0.139190550031 0.247101027310 -1.335147673340 0.978079467514 0.552158210098 
-0.324796397104 -0.180534104167 -1.642021585807 -3.827528191695 39.678447983527 0.148786965540 2.627694523575 0.309806646735 1.158031552773 -0.028760165611 -0.577864708837 2.463160128169 -0.047468316659 0.748862160087 1.016345441744 -0.978079467514 -2.614965466341 -0.052717943730 
-1.939219845488 0.978422887334 0.425756966362 -0.082511221606 0.148786965540 20.497389590202 -23.113550164776 0.417024992338 0.311816372443 2.438786123257 0.891542357972 -0.681565539519 -1.966910219572 -1.236022408283 -0.547519335350 -0.552158210098 -0.052717943730 -17.882046485046 
1.679866687527 -1.100184476813 -0.749838623074 -0.172161308336 2.627694523575 -23.113550164776 36.344019833702 -0.000000000000 -0.000000000000 -2.449715033675 0.000000000000 0.000000000000 1.679866687527 1.100184476813 0.749838623074 -0.172161308336 -2.627694523575 23.113550164776 
-1.776296653527 -0.210737782482 -0.481321513844 1.382921373948 0.309806646735 0.417024992338 -0.000000000000 7.093186491542 3.208965410296 0.000000000000 -0.989007155837 5.552433077346 1.776296653527 -0.210737782482 -0.481321513844 -1.382921373948 0.309806646735 0.417024992338 
-2.115284219784 0.536340951658 0.568921293717 2.506967975239 1.158031552773 0.311816372443 -0.000000000000 3.208965410296 10.390814211321 -0.000000000000 -1.846848619904 2.516355328561 2.115284219784 0.536340951658 0.568921293717 -2.506967975239 1.158031552773 0.311816372443 
-0.746793479459 1.147965058060 3.042139189180 -0.279891086553 -0.028760165611 2.438786123257 -2.449715033675 0.000000000000 -0.000000000000 5.226834216900 -0.000000000000 0.000000000000 -0.746793479459 -1.147965058060 -3.042139189180 -0.279891086553 0.028760165611 -2.438786123257 
2.102553727129 0.429328040352 -0.742898102730 0.424888088640 -0.577864708837 0.891542357972 0.000000000000 -0.989007155837 -1.846848619904 -0.000000000000 9.203804981916 -0.437143446863 -2.102553727129 0.429328040352 -0.742898102730 -0.424888088640 -0.577864708837 0.891542357972 
-24.760803401830 -5.804911396012 -0.260977030392 2.856153281185 2.463160128169 -0.681565539519 0.000000000000 5.552433077346 2.516355328561 0.000000000000 -0.437143446863 82.621544447207 24.760803401830 -5.804911396012 -0.260977030392 -2.856153281185 2.463160128169 -0.681565539519 
-8.994185866291 -2.785150813381 -0.269973754151 1.176878714740 -0.047468316659 -1.966910219572 1.679866687527 1.776296653527 2.115284219784 -0.746793479459 -2.102553727129 24.760803401830 9.917779745412 -2.038201319944 0.106853435040 -1.204499573389 0.324796397104 1.939219845488 
2.785150813381 -0.573890108823 -0.655061266767 0.139190550031 0.748862160087 -1.236022408283 1.100184476813 -0.210737782482 0.536340951658 -1.147965058060 0.429328040352 -5.804911396012 -2.038201319944 2.389738158818 0.680504218195 -0.342819049922 -0.180534104167 0.978422887334 
0.269973754151 -0.655061266767 -2.663614897081 0.247101027310 1.016345441744 -0.547519335350 0.749838623074 -0.481321513844 0.568921293717 -3.042139189180 -0.742898102730 -0.260977030392 0.106853435040 0.680504218195 4.837716621361 -0.729106002117 -1.642021585807 0.425756966362 
1.176878714740 -0.139190550031 -0.247101027310 -1.335147673340 -0.978079467514 -0.552158210098 -0.172161308336 -1.382921373948 -2.506967975239 -0.279891086553 -0.424888088640 -2.856153281185 -1.204499573389 -0.342819049922 -0.729106002117 8.332916030184 3.827528191695 0.082511221606 
0.047468316659 0.748862160087 1.016345441744 0.978079467514 -2.614965466341 -0.052717943730 -2.627694523575 0.309806646735 1.158031552773 0.028760165611 -0.577864708837 2.463160128169 0.324796397104 -0.180534104167 -1.642021585807 3.827528191695 39.678447983527 0.148786965540 
1.966910219572 -1.236022408283 -0.547519335350 0.552158210098 -0.052717943730 -17.882046485046 23.113550164776 0.417024992338 0.311816372443 -2.438786123257 0.891542357972 -0.681565539519 1.939219845488 0.978422887334 0.425756966362 0.082511221606 0.148786965540 20.497389590202 

-97.541180538935 -20.482694159556 1.595694689869 16.745343746482 12.197289458838 -1.902971752056 0.000000000000 28.063816023220 38.598082633232 0.000000000000 -15.537141668257 297.507420303420 97.541180538935 -20.482694159556 1.595694689869 -16.745343746482 12.197289458838 -1.902971752056 

CA
6.408798638610 0.726718662115 0.351255288562 -1.668284929484 -2.243883888659 0.276454930844 0.207476723077 -2.185413813043 -3.707329794067 0.389918712821 2.712348950918 -15.812663362867 -5.511291506520 0.937446857288 -0.405256538607 1.490863496887 -0.272303305729 -0.335592443379 
0.726718662115 1.756186787325 1.417198761235 0.123916061110 -1.233662753854 2.107554872053 -1.442010432585 0.988850603490 -0.207864363511 1.135453964553 0.414135516959 0.595376905427 -0.671245691167 0.117822178989 -0.896619418999 0.538697390100 0.494246185205 0.536313450560 
0.351255288562 1.417198761235 10.729189463488 -1.829248712882 -12.374383060873 2.600512452194 -3.472032790652 -0.361749368556 0.629032424761 2.223966068747 -0.767387253562 0.595545650827 0.441362949370 -0.954302663257 -1.931933826775 0.209525698433 1.246169009318 -1.986011683674 
-1.668284929484 0.123916061110 -1.829248712882 6.437277917480 4.909456126462 1.081841856310 -1.404689953651 0.958879760293 1.129105147954 0.461503535442 -0.246393052782 3.720245221292 1.659035461898 -0.264717504206 -0.238948823672 0.536062125123 0.313859644706 -0.909033268242 
-2.243883888659 -1.233662753854 -12.374383060873 4.909456126462 60.421784396812 -3.367235770897 3.075983139184 0.468951793681 -0.025306479919 -1.721955120069 -0.219708679862 2.977449853164 0.035317776491 0.382542086327 1.308235702002 -0.558275502553 -1.654084524344 3.194679612492 
0.276454930844 2.107554872053 2.600512452194 1.081841856310 -3.367235770897 17.022948046635 -13.531948049069 2.059081311168 -0.980542649495 3.738735482733 2.558350284015 7.856072042521 0.738492478420 0.533145053971 -1.541107434745 1.386742600251 3.242822832818 -6.819899294146 
0.207476723077 -1.442010432585 -3.472032790652 -1.404689953651 3.075983139184 -13.531948049069 21.280603069816 -0.113456243313 -0.299324732437 -6.185764993407 -0.188264610716 -0.836178878836 -0.768057893105 1.654452457359 3.047541454923 -1.919878492950 -2.999015362727 14.018149853816 
-2.185413813043 0.988850603490 -0.361749368556 0.958879760293 0.468951793681 2.059081311168 -0.113456243313 5.663655947749 2.687637353446 0.142180141436 0.060570363186 6.808814524058 2.125309268306 0.227498737298 -0.428016861166 -0.160985882865 0.637155911534 2.599051701779 
-3.707329794067 -0.207864363511 0.629032424761 1.129105147954 -0.025306479919 -0.980542649495 -0.299324732437 2.687637353446 6.629384378493 -0.378280059557 -3.478048524932 4.096853917563 3.585530907013 -0.385824279887 0.513706142918 -1.115792130629 0.129438900097 -1.140604081840 
0.389918712821 1.135453964553 2.223966068747 0.461503535442 -1.721955120069 3.738735482733 -6.185764993407 0.142180141436 -0.378280059557 3.353749863353 0.292396979461 -0.040205404571 -0.215188274677 -0.746576170138 -2.259042980730 1.521512823583 1.189614406627 -3.611854488761 
2.712348950918 0.414135516959 -0.767387253562 -0.246393052782 -0.219708679862 2.558350284015 -0.188264610716 0.060570363186 -3.478048524932 0.292396979461 5.745218259303 -2.755205964164 -2.271186107000 0.630550657354 -0.410624242553 0.758201885371 0.450496786068 0.928411459404 
-15.812663362867 0.595376905427 0.595545650827 3.720245221292 2.977449853164 7.856072042521 -0.836178878836 6.808814524058 4.096853917563 -0.040205404571 -2.755205964164 63.495527411538 15.600757337729 0.268575501456 0.294414266513 -3.488877596661 3.661555119807 6.960387645655 
-5.511291506520 -0.671245691167 0.441362949370 1.659035461898 0.035317776491 0.738492478420 -0.768057893105 2.125309268306 3.585530907013 -0.215188274677 -2.271186107000 15.600757337729 5.832497070057 -0.516235486249 0.317846212594 -1.190819978056 1.020291034119 -0.167708207221 
0.937446857288 0.117822178989 -0.954302663257 -0.264717504206 0.382542086327 0.533145053971 1.654452457359 0.227498737298 -0.385824279887 -0.746576170138 0.630550657354 0.268575501456 -0.516235486249 1.722658509021 0.808191058880 -0.315665137104 -0.193831761918 1.386735558921 
-0.405256538607 -0.896619418999 -1.931933826775 -0.238948823672 1.308235702002 -1.541107434745 3.047541454923 -0.428016861166 0.513706142918 -2.259042980730 -0.410624242553 0.294414266513 0.317846212594 0.808191058880 4.694078849954 0.552255292087 -1.622940070743 0.643456005200 
1.490863496887 0.538697390100 0.209525698433 0.536062125123 -0.558275502553 1.386742600251 -1.919878492950 -0.160985882865 -1.115792130629 1.521512823583 0.758201885371 -3.488877596661 -1.190819978056 -0.315665137104 0.552255292087 8.068909617057 -3.640756785712 -1.167626653296 
-0.272303305729 0.494246185205 1.246169009318 0.313859644706 -1.654084524344 3.242822832818 -2.999015362727 0.637155911534 0.129438900097 1.189614406627 0.450496786068 3.661555119807 1.020291034119 -0.193831761918 -1.622940070743 -3.640756785712 39.874933361932 -0.459952191290 
-0.335592443379 0.536313450560 -1.986011683674 -0.909033268242 3.194679612492 -6.819899294146 14.018149853816 2.599051701779 -1.140604081840 -3.611854488761 0.928411459404 6.960387645655 -0.167708207221 1.386735558921 0.643456005200 -1.167626653296 -0.459952191290 15.917601228953 

-65.211327085301 0.623518218235 3.080863820189 15.799898455183 11.350687540837 22.453380366233 -3.099471136660 33.535299687687 36.189026588317 -2.198462989036 -20.655787009557 224.729094027575 64.940250761084 -0.943870084587 3.924494048567 -14.349596277861 12.631860140393 20.826300736516 

CC
8.147233077301 1.030308489477 0.199587744073 -2.056361805717 -2.526593354304 -0.287214972261 -0.435739014251 -2.843596811556 -3.555045057243 -0.605871405946 2.846512518785 -20.633748080924 -7.150455334677 2.396891169362 -0.191993060456 1.668684665907 -0.511872603427 0.637618090902 
1.030308489477 1.960032492655 1.617034512920 -0.176868361305 -2.326900078450 2.122619180891 -1.677614014915 0.555005448252 -0.471873000829 0.873044920082 0.497515006818 -0.310358909513 -1.014758346065 -0.352039932358 -0.656461103208 0.365526370003 0.620874170509 -0.702645377919 
0.199587744073 1.617034512920 9.729532595603 -1.852313234016 -10.224560494332 3.388401676128 -2.863162589871 -0.588718677127 0.270456318470 2.105936367348 -0.553159080992 0.913810374262 0.243440123272 -1.009111047293 -2.218449776250 -0.086565859233 1.699374072887 -1.716267388669 
-2.056361805717 -0.176868361305 -1.852313234016 7.371553257663 5.908237115537 0.361703554764 -1.222005924281 1.208636459917 2.026243363834 0.657212263214 -0.255116066194 4.330333617804 1.991533737895 -0.453750782219 -0.448613467131 -0.411196839566 0.842827334043 -0.677834517753 
-2.526593354304 -2.326900078450 -10.224560494332 5.908237115537 60.625895724313 -7.105781486312 4.141135348426 0.169506107467 0.087807566549 -1.822086082835 -0.650818548307 1.114030616260 0.531488552152 0.645862974315 1.473383357500 -0.193477638853 -1.978241396131 3.413003160992 
-0.287214972261 2.122619180891 3.388401676128 0.361703554764 -7.105781486312 17.374249942741 -15.845362104735 2.896167755888 -0.535206835606 3.238646293124 0.837346057164 6.860569733886 -0.705042342756 -1.631033130625 -1.020085779471 0.568229574192 2.169707037146 -13.211518404418 
-0.435739014251 -1.677614014915 -2.863162589871 -1.222005924281 4.141135348426 -15.845362104735 26.273786946400 -0.692396484977 0.338497864706 -6.461481102952 -0.714171259480 2.079892787226 2.039284102868 2.501241143065 2.821850270113 -0.795420371926 -3.015105224009 17.050767029013 
-2.843596811556 0.555005448252 -0.588718677127 1.208636459917 0.169506107467 2.896167755888 -0.692396484977 6.175981141134 2.565518100902 -0.255808055415 -0.838487682313 8.595069305271 2.839851863626 -0.655595837057 0.393319451828 -0.893184614573 0.704468993247 -0.539981487920 
-3.555045057243 -0.471873000829 0.270456318470 2.026243363834 0.087807566549 -0.535206835606 0.338497864706 2.565518100902 7.624811342993 -0.471178448368 -2.688595872861 5.270509273850 3.600505330535 -0.073292748355 0.192609429757 -1.930189293424 1.592457725782 0.260448590712 
-0.605871405946 0.873044920082 2.105936367348 0.657212263214 -1.822086082835 3.238646293124 -6.461481102952 -0.255808055415 -0.471178448368 3.751807920748 -0.409834327499 1.585835356159 0.140414310698 -1.402472083330 -2.662246026890 0.396303697214 1.866306187451 -3.959545236870 
2.846512518785 0.497515006818 -0.553159080992 -0.255116066194 -0.650818548307 0.837346057164 -0.714171259480 -0.838487682313 -2.688595872861 -0.409834327499 3.792329916311 -3.298991188732 -2.514975307130 0.233454869261 -0.247287119890 1.207981010948 -0.414246735539 -0.588871159327 
-20.633748080924 -0.310358909513 0.913810374262 4.330333617804 1.114030616260 6.860569733886 2.079892787226 8.595069305271 5.270509273850 1.585835356159 -3.298991188732 72.862017028133 19.539540257680 -6.333457206878 0.398220010735 -3.968743936199 3.116481829116 -3.097063533773 
-7.150455334677 -1.014758346065 0.243440123272 1.991533737895 0.531488552152 -0.705042342756 2.039284102868 2.839851863626 3.600505330535 0.140414310698 -2.514975307130 19.539540257680 7.621657583931 -1.549805322008 -0.325809276890 -1.325252574569 3.918091478808 2.018364545391 
2.396891169362 -0.352039932358 -1.009111047293 -0.453750782219 0.645862974315 -1.631033130625 2.501241143065 -0.655595837057 -0.073292748355 -1.402472083330 0.233454869261 -6.333457206878 -1.549805322008 2.316492165478 0.808508677945 -0.232462051945 -0.711640890857 2.439989807265 
-0.191993060456 -0.656461103208 -2.218449776250 -0.448613467131 1.473383357500 -1.020085779471 2.821850270113 0.393319451828 0.192609429757 -2.662246026890 -0.247287119890 0.398220010735 -0.325809276890 0.808508677945 12.392096488713 -3.708249966224 -14.770087443721 0.564746312042 
1.668684665907 0.365526370003 -0.086565859233 -0.411196839566 -0.193477638853 0.568229574192 -0.795420371926 -0.893184614573 -1.930189293424 0.396303697214 1.207981010948 -3.968743936199 -1.325252574569 -0.232462051945 -3.708249966224 7.485675299372 9.572820392068 -0.342015608110 
-0.511872603427 0.620874170509 1.699374072887 0.842827334043 -1.978241396131 2.169707037146 -3.015105224009 0.704468993247 1.592457725782 1.866306187451 -0.414246735539 3.116481829116 3.918091478808 -0.711640890857 -14.770087443721 9.572820392068 68.655389555166 -0.965816590418 
0.637618090902 -0.702645377919 -1.716267388669 -0.677834517753 3.413003160992 -13.211518404418 17.050767029013 -0.539981487920 0.260448590712 -3.959545236870 -0.588871159327 -3.097063533773 2.018364545391 2.439989807265 0.564746312042 -0.342015608110 -0.965816590418 17.368970811432 

-82.976160506323 -3.750402815084 3.043756913354 21.104699385668 6.238031774305 21.135864409892 8.225830928878 38.689642274468 43.103399415001 4.274776121853 -21.473705779294 267.177572558499 78.309582211377 -22.362920611462 3.383571989199 -20.202719125579 14.552569985030 -10.668544063268 

CG
6.256984934149 0.851578387317 0.113949659855 -1.653322295565 -1.847810645427 0.559343353101 -0.245674245749 -2.046559286793 -3.553591855111 0.088826138916 2.242530317656 -15.774922645428 -5.575847186407 0.954108465819 -0.497096781194 1.822182509087 0.003531156571 -0.279905215991 
0.851578387317 1.857289961905 1.205970671591 -0.002415513893 -1.305462689916 2.088290034712 -1.584312106150 0.908900307478 -0.277182944602 0.991529902858 0.555282980355 0.357175103797 -0.954108465819 0.357452035215 -1.009849501463 0.046409700352 0.346008446487 0.763326686540 
0.113949659855 1.205970671591 10.567375358323 -1.923613988224 -11.942454610187 2.185556972346 -3.178360067868 -0.349415540834 0.742674708294 2.247602311443 -0.594700445619 0.529823967412 0.497096781194 -1.009849501463 -2.098856275400 0.050565958969 1.299024478680 -1.441553659827 
-1.653322295565 -0.002415513893 -1.923613988224 6.651445060649 5.997865410253 1.130692878665 -1.121704457195 0.855274000223 1.163494657152 0.247253415035 -0.257496107789 3.931851755483 1.822182509087 -0.046409700352 -0.050565958969 -0.475920514074 0.539444818364 -0.778732678261 
-1.847810645427 -1.305462689916 -11.942454610187 5.997865410253 63.609661473271 -1.847239240082 2.976320581818 0.297929845641 0.072010576542 -1.483641153737 0.408199944407 2.731288480719 -0.003531156571 0.346008446487 1.299024478680 -0.539444818364 -1.858727060528 2.897689631594 
0.559343353101 2.088290034712 2.185556972346 1.130692878665 -1.847239240082 16.486109236291 -13.279143100649 2.361904170586 -1.111623297878 3.478998479402 1.204155023738 6.718844513776 0.279905215991 0.763326686540 -1.441553659827 0.778732678261 2.897689631594 -6.912959500713 
-0.245674245749 -1.584312106150 -3.178360067868 -1.121704457195 2.976320581818 -13.279143100649 20.692786890622 0.000000000000 0.000000000000 -6.653470500661 0.000000000000 0.000000000000 -0.245674245749 1.584312106150 3.178360067868 -1.121704457195 -2.976320581818 13.279143100649 
-2.046559286793 0.908900307478 -0.349415540834 0.855274000223 0.297929845641 2.361904170586 0.000000000000 5.558163513163 2.177143312164 0.000000000000 0.015852058985 7.415940348709 2.046559286793 0.908900307478 -0.349415540834 -0.855274000223 0.297929845641 2.361904170586 
-3.553591855111 -0.277182944602 0.742674708294 1.163494657152 0.072010576542 -1.111623297878 0.000000000000 2.177143312164 6.576844234290 -0.000000000000 -3.143156305132 3.992647492529 3.553591855111 -0.277182944602 0.742674708294 -1.163494657152 0.072010576542 -1.111623297878 
0.088826138916 0.991529902858 2.247602311443 0.247253415035 -1.483641153737 3.478998479402 -6.653470500661 0.000000000000 -0.000000000000 3.483611333511 0.000000000000 -0.000000000000 0.088826138916 -0.991529902858 -2.247602311443 0.247253415035 1.483641153737 -3.478998479402 
2.242530317656 0.555282980355 -0.594700445619 -0.257496107789 0.408199944407 1.204155023738 0.000000000000 0.015852058985 -3.143156305132 0.000000000000 5.456167602137 -3.009880682191 -2.242530317656 0.555282980355 -0.594700445619 0.257496107789 0.408199944407 1.204155023738 
-15.774922645428 0.357175103797 0.529823967412 3.931851755483 2.731288480719 6.718844513776 0.000000000000 7.415940348709 3.992647492529 -0.000000000000 -3.009880682191 64.325413531458 15.774922645428 0.357175103797 0.529823967412 -3.931851755483 2.731288480719 6.718844513776 
-5.575847186407 -0.954108465819 0.497096781194 1.822182509087 -0.003531156571 0.279905215991 -0.245674245749 2.046559286793 3.553591855111 0.088826138916 -2.242530317656 15.774922645428 6.256984934149 -0.851578387317 -0.113949659855 -1.653322295565 1.847810645427 -0.559343353101 
0.954108465819 0.357452035215 -1.009849501463 -0.046409700352 0.346008446487 0.763326686540 1.584312106150 0.908900307478 -0.277182944602 -0.991529902858 0.555282980355 0.357175103797 -0.851578387317 1.857289961905 1.205970671591 0.002415513893 -1.305462689916 2.088290034712 
-0.497096781194 -1.009849501463 -2.098856275400 -0.050565958969 1.299024478680 -1.441553659827 3.178360067868 -0.349415540834 0.742674708294 -2.247602311443 -0.594700445619 0.529823967412 -0.113949659855 1.205970671591 10.567375358323 1.923613988224 -11.942454610187 2.185556972346 
1.822182509087 0.046409700352 0.050565958969 -0.475920514074 -0.539444818364 0.778732678261 -1.121704457195 -0.855274000223 -1.163494657152 0.247253415035 0.257496107789 -3.931851755483 -1.653322295565 0.002415513893 1.923613988224 6.651445060649 -5.997865410253 -1.130692878665 
0.003531156571 0.346008446487 1.299024478680 0.539444818364 -1.858727060528 2.897689631594 -2.976320581818 0.297929845641 0.072010576542 1.483641153737 0.408199944407 2.731288480719 1.847810645427 -1.305462689916 -11.942454610187 -5.997865410253 63.609661473271 -1.847239240082 
-0.279905215991 0.763326686540 -1.441553659827 -0.778732678261 2.897689631594 -6.912959500713 13.279143100649 2.361904170586 -1.111623297878 -3.478998479402 1.204155023738 6.718844513776 -0.559343353101 2.088290034712 2.185556972346 -1.130692878665 -1.847239240082 16.486109236291 

-64.302402742622 -0.397833302783 3.678391541626 16.708202344521 10.193866320533 19.554195754603 0.000000000000 33.617345059582 35.151201621207 0.000000000000 -19.727480487542 227.633094076935 64.302402742622 -0.397833302783 3.678391541626 -16.708202344521 10.193866320533 19.554195754603 

CT
8.698442207991 1.256585674308 -0.507686428273 -1.424699371862 -0.638324419641 1.282988964681 -2.876418047426 -1.610788012124 -3.249056314110 -1.721460191624 3.021364965861 -20.564018451670 -7.714681471644 2.651736442480 0.349780197142 1.417922427363 -0.678636948996 -0.437067996337 
1.256585674308 2.071161183050 1.251790300121 0.051226854392 -2.471375244497 1.963231294248 -1.982102342522 0.070229847010 0.037026623089 0.359475092324 0.936971731739 -0.741515677436 -0.960582295216 -0.163288761507 -0.510427313761 0.085896617086 0.873875018006 -0.500428040010 
-0.507686428273 1.251790300121 10.448811203158 -2.102401771138 -11.910373757535 3.037057248236 -2.392782982076 -0.909037420173 -0.328658738079 2.845063034308 -1.380384631125 1.587087245631 0.705341813548 -1.457901074523 -2.670188134236 0.352598283682 1.094598258317 -1.858672361089 
-1.424699371862 0.051226854392 -2.102401771138 7.205345885665 5.681659191263 1.451299003061 -2.135866114740 1.003759421216 2.253807352555 -0.074570318627 0.236373015210 4.194067114559 1.834480443728 0.044856395533 -0.050254162249 -1.351567723020 1.288850191500 -1.136067105445 
-0.638324419641 -2.471375244497 -11.910373757535 5.681659191263 60.728894715850 -3.176518427781 3.166955273393 1.043211194749 0.029280435198 -1.675638730126 -1.158521167444 0.810248902481 0.196876624884 0.662486393789 1.639398860154 -0.366483079322 -1.879151579945 2.443566097532 
1.282988964681 1.963231294248 3.037057248236 1.451299003061 -3.176518427781 17.553779992027 -17.317472309270 2.397826537360 0.466621405878 2.728397405889 -0.110108271055 4.571330150488 -1.554314594011 0.159171913355 -0.305242921347 -0.246389270336 2.393135272036 -13.573341490288 
-2.876418047426 -1.982102342522 -2.392782982076 -2.135866114740 3.166955273393 -17.317472309270 30.370314729868 -0.958417695772 -1.947822882766 -4.772595591770 0.351538420012 6.320858016987 4.182633076153 0.537215871133 1.756489972215 0.420043519777 -3.474988506533 19.513663413345 
-1.610788012124 0.070229847010 -0.909037420173 1.003759421216 1.043211194749 2.397826537360 -0.958417695772 6.182095459598 2.957736660449 -0.441538126396 -1.510872970528 5.099845032443 2.025516711377 0.976798292170 0.434320981482 -0.837361035628 0.695372981413 -0.127272332446 
-3.249056314110 0.037026623089 -0.328658738079 2.253807352555 0.029280435198 0.466621405878 -1.947822882766 2.957736660449 8.604387829816 -1.149281123769 -2.617392905936 4.959882431193 3.276794996071 0.315570121714 1.144169722108 -2.120024570176 1.885221058759 -1.152010858042 
