TG
5.832497070057 0.516235486249 -0.317846212594 -1.190819978056 -1.020291034119 0.167708207221 -0.768057893105 -2.125309268306 -3.585530907013 -0.215188274677 2.271186107000 -15.600757337729 -5.511291506520 0.671245691167 -0.441362949370 1.659035461898 -0.035317776491 -0.738492478420 
0.516235486249 1.722658509021 0.808191058880 0.315665137104 -0.193831761918 1.386735558921 -1.654452457359 0.227498737298 -0.385824279887 0.746576170138 0.630550657354 0.268575501456 -0.937446857288 0.117822178989 -0.954302663257 0.264717504206 0.382542086327 0.533145053971 
-0.317846212594 0.808191058880 4.694078849954 -0.552255292087 -1.622940070743 0.643456005200 -3.047541454923 -0.428016861166 0.513706142918 2.259042980730 -0.410624242553 0.294414266513 0.405256538607 -0.896619418999 -1.931933826775 0.238948823672 1.308235702002 -1.541107434745 
-1.190819978056 0.315665137104 -0.552255292087 8.068909617057 3.640756785712 1.167626653296 -1.919878492950 0.160985882865 1.115792130629 1.521512823583 -0.758201885371 3.488877596661 1.490863496887 -0.538697390100 -0.209525698433 0.536062125123 0.558275502553 -1.386742600251 
-1.020291034119 -0.193831761918 -1.622940070743 3.640756785712 39.874933361932 -0.459952191290 2.999015362727 0.637155911534 0.129438900097 -1.189614406627 0.450496786068 3.661555119807 0.272303305729 0.494246185205 1.246169009318 -0.313859644706 -1.654084524344 3.242822832818 
0.167708207221 1.386735558921 0.643456005200 1.167626653296 -0.459952191290 15.917601228953 -14.018149853816 2.599051701779 -1.140604081840 3.611854488761 0.928411459404 6.960387645655 0.335592443379 0.536313450560 -1.986011683674 0.909033268242 3.194679612492 -6.819899294146 
-0.768057893105 -1.654452457359 -3.047541454923 -1.919878492950 2.999015362727 -14.018149853816 21.280603069816 0.113456243313 0.299324732437 -6.185764993407 0.188264610716 0.836178878836 0.207476723077 1.442010432585 3.472032790652 -1.404689953651 -3.075983139184 13.531948049069 
-2.125309268306 0.227498737298 -0.428016861166 0.160985882865 0.637155911534 2.599051701779 0.113456243313 5.663655947749 2.687637353446 -0.142180141436 0.060570363186 6.808814524058 2.185413813043 0.988850603490 -0.361749368556 -0.958879760293 0.468951793681 2.059081311168 
-3.585530907013 -0.385824279887 0.513706142918 1.115792130629 0.129438900097 -1.140604081840 0.299324732437 2.687637353446 6.629384378493 0.378280059557 -3.478048524932 4.096853917563 3.707329794067 -0.207864363511 0.629032424761 -1.129105147954 -0.025306479919 -0.980542649495 
-0.215188274677 0.746576170138 2.259042980730 1.521512823583 -1.189614406627 3.611854488761 -6.185764993407 -0.142180141436 0.378280059557 3.353749863353 -0.292396979461 0.040205404571 0.389918712821 -1.135453964553 -2.223966068747 0.461503535442 1.721955120069 -3.738735482733 
2.271186107000 0.630550657354 -0.410624242553 -0.758201885371 0.450496786068 0.928411459404 0.188264610716 0.060570363186 -3.478048524932 -0.292396979461 5.745218259303 -2.755205964164 -2.712348950918 0.414135516959 -0.767387253562 0.246393052782 -0.219708679862 2.558350284015 
-15.600757337729 0.268575501456 0.294414266513 3.488877596661 3.661555119807 6.960387645655 0.836178878836 6.808814524058 4.096853917563 0.040205404571 -2.755205964164 63.495527411538 15.812663362867 0.595376905427 0.595545650827 -3.720245221292 2.977449853164 7.856072042521 
-5.511291506520 -0.937446857288 0.405256538607 1.490863496887 0.272303305729 0.335592443379 0.207476723077 2.185413813043 3.707329794067 0.389918712821 -2.712348950918 15.812663362867 6.408798638610 -0.726718662115 -0.351255288562 -1.668284929484 2.243883888659 -0.276454930844 
0.671245691167 0.117822178989 -0.896619418999 -0.538697390100 0.494246185205 0.536313450560 1.442010432585 0.988850603490 -0.207864363511 -1.135453964553 0.414135516959 0.595376905427 -0.726718662115 1.756186787325 1.417198761235 -0.123916061110 -1.233662753854 2.107554872053 
-0.441362949370 -0.954302663257 -1.931933826775 -0.209525698433 1.246169009318 -1.986011683674 3.472032790652 -0.361749368556 0.629032424761 -2.223966068747 -0.767387253562 0.595545650827 -0.351255288562 1.417198761235 10.729189463488 1.829248712882 -12.374383060873 2.600512452194 
1.659035461898 0.264717504206 0.238948823672 0.536062125123 -0.313859644706 0.909033268242 -1.404689953651 -0.958879760293 -1.129105147954 0.461503535442 0.246393052782 -3.720245221292 -1.668284929484 -0.123916061110 1.829248712882 6.437277917480 -4.909456126462 -1.081841856310 
-0.035317776491 0.382542086327 1.308235702002 0.558275502553 -1.654084524344 3.194679612492 -3.075983139184 0.468951793681 -0.025306479919 1.721955120069 -0.219708679862 2.977449853164 2.243883888659 -1.233662753854 -12.374383060873 -4.909456126462 60.421784396812 -3.367235770897 
-0.738492478420 0.533145053971 -1.541107434745 -1.386742600251 3.242822832818 -6.819899294146 13.531948049069 2.059081311168 -0.980542649495 -3.738735482733 2.558350284015 7.856072042521 -0.276454930844 2.107554872053 2.600512452194 -1.081841856310 -3.367235770897 17.022948046635 
