IG
8.921507080789 1.538001813687 0.907225724120 -0.911067283561 -4.525295924257 -3.042438602777 4.144911169679 -2.755406233135 -4.071484868751 0.893730462377 2.583274347487 -21.352071671950 -7.824116788594 0.807089875429 -0.416859821249 2.053565438362 -0.108352040131 1.270235230379 
1.538001813687 2.922962550032 0.799048739994 0.000579067016 -0.923779679022 2.598470733700 -2.367904699993 0.280508666823 0.135795883334 1.395352805869 0.292639789261 -5.974603870178 -2.662523781793 -0.383952073711 -1.121736642578 0.292100358562 1.022813952247 -1.402312863974 
0.907225724120 0.799048739994 12.780399756613 3.969501460661 -14.816337378444 0.486604181483 -1.664956983393 0.807833647112 1.260170109935 3.630315823660 0.102266230723 -0.481017671540 -0.138786884488 -0.133951972479 -3.434128615076 0.127359861520 1.916185707645 -0.716193865963 
-0.911067283561 0.000579067016 3.969501460661 7.600026693106 -9.484146014760 -0.266635202396 0.069348782358 1.069274038211 3.762344383204 1.311975532848 -1.048534045409 3.590103249542 1.716502933075 -0.150571361847 -0.681979349461 -1.018649639059 0.264283676377 -0.350069379868 
-4.525295924257 -0.923779679022 -14.816337378444 -9.484146014760 63.610541931702 -1.375769209762 2.373711337883 0.162494950985 3.144214942119 -0.667229056848 -0.257537882156 3.599479247052 0.506130190149 0.784825756629 1.356916580298 -1.650992190439 -2.093483902440 1.845837948371 
-3.042438602777 2.598470733700 0.486604181483 -0.266635202396 -1.375769209762 19.161188127905 -20.005056701244 -0.374704079376 -0.474706079055 3.763365122480 0.713752187348 -0.782790311974 -0.566473356489 -0.260470187489 -1.624909528982 0.922129340179 3.107101819797 -13.543058660595 
4.144911169679 -2.367904699993 -1.664956983393 0.069348782358 2.373711337883 -20.005056701244 30.908124786042 1.108208622992 1.704780444472 -4.745348385890 -0.619887385330 -4.941444172969 -1.343650953866 1.506763582740 2.321970148674 -1.954246637266 -3.752688815391 17.870473963469 
-2.755406233135 0.280508666823 0.807833647112 1.069274038211 0.162494950985 -0.374704079376 1.108208622992 7.868508691218 2.967216045361 0.120963544869 -1.445351203048 8.841626323346 2.723221278994 0.164870816560 -1.244663832804 -1.122378014580 0.912990889666 3.745342357857 
-4.071484868751 0.135795883334 1.260170109935 3.762344383204 3.144214942119 -0.474706079055 1.704780444472 2.967216045361 12.454087534019 2.292962527567 -4.039141900351 5.911902580591 3.958124064573 0.079844622158 -1.131220784412 -3.469375982193 0.263802190530 -0.245094943761 
0.893730462377 1.395352805869 3.630315823660 1.311975532848 -0.667229056848 3.763365122480 -4.745348385890 0.120963544869 2.292962527567 5.533914490628 2.184412353127 -3.735590758697 -1.650492397223 0.069111543468 -3.670730398907 -0.574508187915 1.542744802396 -3.272524079868 
2.583274347487 0.292639789261 0.102266230723 -1.048534045409 -0.257537882156 0.713752187348 -0.619887385330 -1.445351203048 -4.039141900351 2.184412353127 6.035127132023 -3.987292729245 -3.646654106607 1.220031543207 -1.212220291144 -0.062955783787 -1.182820877872 0.690914164657 
-21.352071671950 -5.974603870178 -0.481017671540 3.590103249542 3.599479247052 -0.782790311974 -4.941444172969 8.841626323346 5.911902580591 -3.735590758697 -3.987292729245 75.085268425617 22.157998779003 0.112989714700 0.827743744231 -4.610347999966 -0.293055933792 6.921930666063 
-7.824116788594 -2.662523781793 -0.138786884488 1.716502933075 0.506130190149 -0.566473356489 -1.343650953866 2.723221278994 3.958124064573 -1.650492397223 -3.646654106607 22.157998779003 9.254631056213 -1.109855384879 0.207071003831 -1.496199059328 0.566876142638 0.158069998093 
0.807089875429 -0.383952073711 -0.133951972479 -0.150571361847 0.784825756629 -0.260470187489 1.506763582740 0.164870816560 0.079844622158 0.069111543468 1.220031543207 0.112989714700 -1.109855384879 2.428675081333 1.047440743279 -0.351750297292 -2.369641119544 2.102919970658 
-0.416859821249 -1.121736642578 -3.434128615076 -0.681979349461 1.356916580298 -1.624909528982 2.321970148674 -1.244663832804 -1.131220784412 -3.670730398907 -1.212220291144 0.827743744231 0.207071003831 1.047440743279 10.771009034156 2.486847651672 -10.380496326729 3.031968106001 
2.053565438362 0.292100358562 0.127359861520 -1.018649639059 -1.650992190439 0.922129340179 -1.954246637266 -1.122378014580 -3.469375982193 -0.574508187915 -0.062955783787 -4.610347999966 -1.496199059328 -0.351750297292 2.486847651672 8.201461541564 -5.585659007978 -1.141716050280 
-0.108352040131 1.022813952247 1.916185707645 0.264283676377 -2.093483902440 3.107101819797 -3.752688815391 0.912990889666 0.263802190530 1.542744802396 -1.182820877872 -0.293055933792 0.566876142638 -2.369641119544 -10.380496326729 -5.585659007978 59.529598902956 -4.944685372035 
1.270235230379 -1.402312863974 -0.716193865963 -0.350069379868 1.845837948371 -13.543058660595 17.870473963469 3.745342357857 -0.245094943761 -3.272524079868 0.690914164657 6.921930666063 0.158069998093 2.102919970658 3.031968106001 -1.141716050280 -4.944685372035 18.840255786838 
