GC_end3
8.574554983557 0.914716987980 0.516044381860 -1.269307796950 -2.340495555317 -1.583762780338 -0.294286136104 -3.853290478843 -2.583997082992 -0.173417807303 1.929103039404 -21.813551810663 -7.288114856020 2.568066097252 -0.153512653354 1.644775341351 0.152771918204 0.730100069407 
0.914716987980 2.040175828713 0.146766769926 0.045992071660 0.444593902670 2.611826148338 -3.205411747715 -0.496459541514 0.306721855489 1.285347246948 0.230868544597 -3.671738144079 -2.099872072032 -0.722026724542 -0.760328708880 -0.002201568661 0.867164812236 -2.531231663234 
0.516044381860 0.146766769926 10.745001688102 3.302538053544 -11.512680815423 -0.409449956567 -1.419737110568 -0.289948342030 -0.204529165578 2.036331998488 0.816179783805 -0.839924497623 -0.489391715120 -0.266358192897 -2.007397366991 -0.016157532509 0.843814645978 -0.574583310588 
-1.269307796950 0.045992071660 3.302538053544 8.065872055055 -8.368687135748 -0.337364291811 -0.004178262933 1.132081277910 1.979635998823 0.149756966240 -0.092516784893 3.330224747881 1.674589047907 -0.222603035610 -0.073735849798 -1.238146865112 1.282901483431 0.365390947713 
-2.340495555317 0.444593902670 -11.512680815423 -8.368687135748 60.922147040949 1.436189881941 3.078310335513 0.435934122917 1.792058329634 -0.887223082734 -1.755590058317 2.030663706044 0.600635415523 0.546705168704 1.291513021254 -1.114210631419 -2.670725373468 1.685723854097 
-1.583762780338 2.611826148338 -0.409449956567 -0.337364291811 1.436189881941 17.435700998674 -18.208296367791 1.942869924836 0.197037626649 2.466394470637 -0.407565474062 -1.492084867087 -2.451621416035 -2.624538019373 -0.963686122970 0.035655521534 1.568747123482 -14.486687473631 
-0.294286136104 -3.205411747715 -1.419737110568 -0.004178262933 3.078310335513 -18.208296367791 27.332898332146 -1.285394929040 0.867561228203 -4.987029929159 -1.575433285107 3.483054782161 3.552142293323 2.997919796032 2.052732038906 -0.347552347170 -2.460579895756 18.024484245671 
-3.853290478843 -0.496459541514 -0.289948342030 1.132081277910 0.435934122917 1.942869924836 -1.285394929040 6.621193818162 2.187761165293 0.466326933565 -0.238989540709 11.862223242440 3.558453207708 -1.041190855733 -0.320427722775 -0.928720416017 0.088155555395 -0.838219373364 
-2.583997082992 0.306721855489 -0.204529165578 1.979635998823 1.792058329634 0.197037626649 0.867561228203 2.187761165293 6.570897866768 0.162129084552 -1.288843321375 2.926760611568 2.500289668374 -0.046402774545 0.088086213875 -2.128726376202 0.562237761218 0.932319674912 
-0.173417807303 1.285347246948 2.036331998488 0.149756966240 -0.887223082734 2.466394470637 -4.987029929159 0.466326933565 0.162129084552 3.926555653133 0.245643428958 -0.225590329038 -0.590814628227 -0.927048763499 -2.195735177929 0.149391146649 0.398399206735 -2.399099175209 
1.929103039404 0.230868544597 0.816179783805 -0.092516784893 -1.755590058317 -0.407565474062 -1.575433285107 -0.238989540709 -1.288843321375 0.245643428958 4.117544467034 -0.362199174811 -1.494289245376 0.128620496006 -0.838045122653 0.591052004381 1.014048234642 -0.894244365064 
-21.813551810663 -3.671738144079 -0.839924497623 3.330224747881 2.030663706044 -1.492084867087 3.483054782161 11.862223242440 2.926760611568 -0.225590329038 -0.362199174811 75.127514490212 21.085241508595 -6.038994219580 0.312565157484 -2.948198704240 1.434926392502 0.546077424350 
-7.288114856020 -2.099872072032 -0.489391715120 1.674589047907 0.600635415523 -2.451621416035 3.552142293323 3.558453207708 2.500289668374 -0.590814628227 -1.494289245376 21.085241508595 8.582847696126 -1.009659168507 0.178536031704 -1.175806784189 1.807412865295 3.803140801639 
2.568066097252 -0.722026724542 -0.266358192897 -0.222603035610 0.546705168704 -2.624538019373 2.997919796032 -1.041190855733 -0.046402774545 -0.927048763499 0.128620496006 -6.038994219580 -1.009659168507 2.557073398728 -0.030585436871 0.055942378161 0.386234602721 3.119298531844 
-0.153512653354 -0.760328708880 -2.007397366991 -0.073735849798 1.291513021254 -0.963686122970 2.052732038906 -0.320427722775 0.088086213875 -2.195735177929 -0.838045122653 0.312565157484 0.178536031704 -0.030585436871 15.427734921997 -5.616201327224 -16.942642473185 -0.229114997142 
1.644775341351 -0.002201568661 -0.016157532509 -1.238146865112 -1.114210631419 0.035655521534 -0.347552347170 -0.928720416017 -2.128726376202 0.149391146649 0.591052004381 -2.948198704240 -1.175806784189 0.055942378161 -5.616201327224 12.101794844129 15.058232794176 0.280321792486 
0.152771918204 0.867164812236 0.843814645978 1.282901483431 -2.670725373468 1.568747123482 -2.460579895756 0.088155555395 0.562237761218 0.398399206735 1.014048234642 1.434926392502 1.807412865295 0.386234602721 -16.942642473185 15.058232794176 93.720463931140 2.571074924009 
0.730100069407 -2.531231663234 -0.574583310588 0.365390947713 1.685723854097 -14.486687473631 18.024484245671 -0.838219373364 0.932319674912 -2.399099175209 -0.894244365064 0.546077424350 3.803140801639 3.119298531844 -0.229114997142 0.280321792486 2.571074924009 19.475568183767 
