GG
7.621657583931 1.549805322008 0.325809276890 -1.325252574569 -3.918091478808 -2.018364545391 2.039284102868 -2.839851863626 -3.600505330535 0.140414310698 2.514975307130 -19.539540257680 -7.150455334677 1.014758346065 -0.243440123272 1.991533737895 -0.531488552152 0.705042342756 
1.549805322008 2.316492165478 0.808508677945 0.232462051945 -0.711640890857 2.439989807265 -2.501241143065 -0.655595837057 -0.073292748355 1.402472083330 0.233454869261 -6.333457206878 -2.396891169362 -0.352039932358 -1.009111047293 0.453750782219 0.645862974315 -1.631033130625 
0.325809276890 0.808508677945 12.392096488713 3.708249966224 -14.770087443721 0.564746312042 -2.821850270113 0.393319451828 0.192609429757 2.662246026890 -0.247287119890 0.398220010735 0.191993060456 -0.656461103208 -2.218449776250 0.448613467131 1.473383357500 -1.020085779471 
-1.325252574569 0.232462051945 3.708249966224 7.485675299372 -9.572820392068 0.342015608110 -0.795420371926 0.893184614573 1.930189293424 0.396303697214 -1.207981010948 3.968743936199 1.668684665907 -0.365526370003 0.086565859233 -0.411196839566 0.193477638853 -0.568229574192 
-3.918091478808 -0.711640890857 -14.770087443721 -9.572820392068 68.655389555166 -0.965816590418 3.015105224009 0.704468993247 1.592457725782 -1.866306187451 -0.414246735539 3.116481829116 0.511872603427 0.620874170509 1.699374072887 -0.842827334043 -1.978241396131 2.169707037146 
-2.018364545391 2.439989807265 0.564746312042 0.342015608110 -0.965816590418 17.368970811432 -17.050767029013 -0.539981487920 0.260448590712 3.959545236870 -0.588871159327 -3.097063533773 -0.637618090902 -0.702645377919 -1.716267388669 0.677834517753 3.413003160992 -13.211518404418 
2.039284102868 -2.501241143065 -2.821850270113 -0.795420371926 3.015105224009 -17.050767029013 26.273786946400 0.692396484977 -0.338497864706 -6.461481102952 0.714171259480 -2.079892787226 -0.435739014251 1.677614014915 2.863162589871 -1.222005924281 -4.141135348426 15.845362104735 
-2.839851863626 -0.655595837057 0.393319451828 0.893184614573 0.704468993247 -0.539981487920 0.692396484977 6.175981141134 2.565518100902 0.255808055415 -0.838487682313 8.595069305271 2.843596811556 0.555005448252 -0.588718677127 -1.208636459917 0.169506107467 2.896167755888 
-3.600505330535 -0.073292748355 0.192609429757 1.930189293424 1.592457725782 0.260448590712 -0.338497864706 2.565518100902 7.624811342993 0.471178448368 -2.688595872861 5.270509273850 3.555045057243 -0.471873000829 0.270456318470 -2.026243363834 0.087807566549 -0.535206835606 
0.140414310698 1.402472083330 2.662246026890 0.396303697214 -1.866306187451 3.959545236870 -6.461481102952 0.255808055415 0.471178448368 3.751807920748 0.409834327499 -1.585835356159 -0.605871405946 -0.873044920082 -2.105936367348 0.657212263214 1.822086082835 -3.238646293124 
2.514975307130 0.233454869261 -0.247287119890 -1.207981010948 -0.414246735539 -0.588871159327 0.714171259480 -0.838487682313 -2.688595872861 0.409834327499 3.792329916311 -3.298991188732 -2.846512518785 0.497515006818 -0.553159080992 0.255116066194 -0.650818548307 0.837346057164 
-19.539540257680 -6.333457206878 0.398220010735 3.968743936199 3.116481829116 -3.097063533773 -2.079892787226 8.595069305271 5.270509273850 -1.585835356159 -3.298991188732 72.862017028133 20.633748080924 -0.310358909513 0.913810374262 -4.330333617804 1.114030616260 6.860569733886 
-7.150455334677 -2.396891169362 0.191993060456 1.668684665907 0.511872603427 -0.637618090902 -0.435739014251 2.843596811556 3.555045057243 -0.605871405946 -2.846512518785 20.633748080924 8.147233077301 -1.030308489477 -0.199587744073 -2.056361805717 2.526593354304 0.287214972261 
1.014758346065 -0.352039932358 -0.656461103208 -0.365526370003 0.620874170509 -0.702645377919 1.677614014915 0.555005448252 -0.471873000829 -0.873044920082 0.497515006818 -0.310358909513 -1.030308489477 1.960032492655 1.617034512920 0.176868361305 -2.326900078450 2.122619180891 
-0.243440123272 -1.009111047293 -2.218449776250 0.086565859233 1.699374072887 -1.716267388669 2.863162589871 -0.588718677127 0.270456318470 -2.105936367348 -0.553159080992 0.913810374262 -0.199587744073 1.617034512920 9.729532595603 1.852313234016 -10.224560494332 3.388401676128 
1.991533737895 0.453750782219 0.448613467131 -0.411196839566 -0.842827334043 0.677834517753 -1.222005924281 -1.208636459917 -2.026243363834 0.657212263214 0.255116066194 -4.330333617804 -2.056361805717 0.176868361305 1.852313234016 7.371553257663 -5.908237115537 -0.361703554764 
-0.531488552152 0.645862974315 1.473383357500 0.193477638853 -1.978241396131 3.413003160992 -4.141135348426 0.169506107467 0.087807566549 1.822086082835 -0.650818548307 1.114030616260 2.526593354304 -2.326900078450 -10.224560494332 -5.908237115537 60.625895724313 -7.105781486312 
0.705042342756 -1.631033130625 -1.020085779471 -0.568229574192 2.169707037146 -13.211518404418 15.845362104735 2.896167755888 -0.535206835606 -3.238646293124 0.837346057164 6.860569733886 0.287214972261 2.122619180891 3.388401676128 -0.361703554764 -7.105781486312 17.374249942741 
