CT_end5
7.766384706381 1.385754537484 -0.697784867532 -0.942716197273 0.837105789840 1.576567026942 -2.333729733024 -1.707244503186 -2.292516726435 -1.791717727313 2.549699520618 -17.518547693845 -6.546006278614 2.289402823017 0.565971719308 1.239769564772 -0.787284909940 -0.222315898845 
1.385754537484 2.259750952575 0.744574421345 0.199494997770 -2.047097025005 2.286438066467 -1.732360081045 0.009981360861 -0.113258473649 0.048028632074 1.284614453498 -0.116189580163 -0.761951112168 -0.148002035110 -0.216154754678 0.176384356315 0.791718791374 -0.298490018594 
-0.697784867532 0.744574421345 15.534475506952 -4.714668342099 -17.521353748167 2.772294494683 -1.974104951864 -1.102529314577 -0.976664299334 2.956407102940 -1.744878001246 2.401924567381 0.895096030778 -1.705929444901 -2.686382999133 0.777560223681 1.123171858797 -2.001375920561 
-0.942716197273 0.199494997770 -4.714668342099 12.162693785551 12.132100298076 1.376577560239 -2.091582278665 0.895004562540 2.895144017489 -0.265012468295 0.324017316335 3.327618440813 1.501738931320 0.305658443006 -0.391936659737 -1.440942027449 1.829023542359 -0.860522951896 
0.837105789840 -2.047097025005 -17.521353748167 12.132100298076 95.307611264175 -2.107233922520 3.144038514036 0.542187115188 -0.262794520755 -0.926795854604 -1.126035006872 -0.790111575912 -0.373695625042 0.993396921616 1.332922224542 -0.064511650410 -1.847944786707 2.461241262387 
1.576567026942 2.286438066467 2.772294494683 1.376577560239 -2.107233922520 16.139365317859 -13.362840293803 2.443805398451 1.059544170765 2.464460656308 -0.221169221736 4.699933638162 -0.911307704322 -0.047106975287 -0.005100354669 -0.260457813805 1.575999401209 -10.423509212513 
-2.333729733024 -1.732360081045 -1.974104951864 -2.091582278665 3.144038514036 -13.362840293803 25.471585359484 0.079334993484 -2.952863735269 -3.895978142585 0.822277246494 5.176792012558 3.517506050208 0.868039218106 0.725508185530 0.700254407441 -2.520394577799 16.466692874491 
-1.707244503186 0.009981360861 -1.102529314577 0.895004562540 0.542187115188 2.443805398451 0.079334993484 6.119087490629 2.575213284902 -0.662778306879 -1.214880785427 6.104369189990 2.257846633024 1.135478084758 0.495906248674 -0.911141292486 0.409669048836 0.652307500834 
-2.292516726435 -0.113258473649 -0.976664299334 2.895144017489 -0.262794520755 1.059544170765 -2.952863735269 2.575213284902 9.977419590495 -1.544901499298 -2.625445538601 3.289453436878 2.423133276582 0.829096924826 1.030909992812 -2.450470205624 2.208202285175 -1.567093527384 
-1.791717727313 0.048028632074 2.956407102940 -0.265012468295 -0.926795854604 2.464460656308 -3.895978142585 -0.662778306879 -1.544901499298 5.466335565486 -2.496966413625 4.899399296875 1.468096882941 -1.905191564092 -3.270684932018 0.385167833920 1.310449201701 -3.508262305929 
2.549699520618 1.284614453498 -1.744878001246 0.324017316335 -1.126035006872 -0.221169221736 0.822277246494 -1.214880785427 -2.625445538601 -2.496966413625 5.895790700590 -2.873014851448 -2.088184916884 0.349175283592 0.893337095135 0.466555007612 -0.690810475246 1.815382182466 
-17.518547693845 -0.116189580163 2.401924567381 3.327618440813 -0.790111575912 4.699933638162 5.176792012558 6.104369189990 3.289453436878 4.899399296875 -2.873014851448 60.398875279012 17.593338495838 -4.816929147656 -1.657280011078 -2.778252433429 4.398930001673 -0.799785334602 
-6.546006278614 -0.761951112168 0.895096030778 1.501738931320 -0.373695625042 -0.911307704322 3.517506050208 2.257846633024 2.423133276582 1.468096882941 -2.088184916884 17.593338495838 6.944711280059 -1.684257673524 -0.541899767201 -1.293455656970 2.215009886517 1.942977221803 
2.289402823017 -0.148002035110 -1.705929444901 0.305658443006 0.993396921616 -0.047106975287 0.868039218106 1.135478084758 0.829096924826 -1.905191564092 0.349175283592 -4.816929147656 -1.684257673524 2.455928752617 1.363318115869 -0.507225657956 -1.005961892346 1.406605597298 
0.565971719308 -0.216154754678 -2.686382999133 -0.391936659737 1.332922224542 -0.005100354669 0.725508185530 0.495906248674 1.030909992812 -3.270684932018 0.893337095135 -1.657280011078 -0.541899767201 1.363318115869 5.323404882516 -1.455825700180 -6.837301918472 1.429388342620 
1.239769564772 0.176384356315 0.777560223681 -1.440942027449 -0.064511650410 -0.260457813805 0.700254407441 -0.911141292486 -2.450470205624 0.385167833920 0.466555007612 -2.778252433429 -1.293455656970 -0.507225657956 -1.455825700180 8.266244400842 3.873785125691 0.437097943929 
-0.787284909940 0.791718791374 1.123171858797 1.829023542359 -1.847944786707 1.575999401209 -2.520394577799 0.409669048836 2.208202285175 1.310449201701 -0.690810475246 4.398930001673 2.215009886517 -1.005961892346 -6.837301918472 3.873785125691 46.377496982863 -3.002735409906 
-0.222315898845 -0.298490018594 -2.001375920561 -0.860522951896 2.461241262387 -10.423509212513 16.466692874491 0.652307500834 -1.567093527384 -3.508262305929 1.815382182466 -0.799785334602 1.942977221803 1.406605597298 1.429388342620 0.437097943929 -3.002735409906 15.371245896007 
