TT_end5
7.023881367419 0.804973358020 -0.338065610041 -1.021089467002 0.531820880589 0.120067633251 -1.729883281361 -1.857630784757 -2.128530923470 -1.334027682350 2.043388462721 -17.356373870457 -6.451419009048 2.042229841217 0.608526325647 1.157156053793 -0.249265017731 -0.033050427418 
0.804973358020 1.565884862485 0.003819626497 0.508301103781 -0.676802849650 1.054601484183 -1.839329633416 -0.395635905930 -0.252434510482 0.202519641252 0.939552501791 -1.008941631999 -1.087489681639 -0.438634228374 -0.246845532244 0.351600321007 0.886320965904 -0.990569471235 
-0.338065610041 0.003819626497 5.817740449023 -1.590582308015 -0.103444393913 0.854287443325 -1.576404576573 -0.853757059929 -0.589900197166 2.589516701047 -1.517359443098 0.980654268775 0.433517107252 -0.946845304773 -2.116656337357 0.260709362940 0.609700314578 -1.163471666657 
-1.021089467002 0.508301103781 -1.590582308015 13.691834702215 5.141515774207 1.141500542968 -1.626945460993 0.509255565641 2.422607399173 0.426062256757 -0.301440185993 3.621905610291 1.362716902563 -0.283683178584 -0.086901238762 -0.184230623652 0.944672562429 -1.011675366173 
0.531820880589 -0.676802849650 -0.103444393913 5.141515774207 54.897516693792 0.149598903176 2.556020659140 0.482260178873 -0.794397721710 -0.683220671660 0.033369480350 1.328911204386 0.171115086829 0.876807145503 0.874640681154 0.188102617168 -2.593732499600 2.361163670228 
0.120067633251 1.054601484183 0.854287443325 1.141500542968 0.149598903176 14.057349653912 -13.701596856186 1.607926829321 0.781466870528 2.487812660702 -0.993105979444 5.761791682855 -0.813232414887 -0.430633739926 -0.715900117604 -0.406932540817 1.324695810596 -12.118028089516 
-1.729883281361 -1.839329633416 -1.576404576573 -1.626945460993 2.556020659140 -13.701596856186 24.118181722045 -0.295010797127 -1.654069970680 -3.312089895295 0.797556909534 3.341565546360 2.733256768064 0.501813504607 1.260837606231 0.065761052559 -1.380623042796 14.980631581444 
-1.857630784757 -0.395635905930 -0.853757059929 0.509255565641 0.482260178873 1.607926829321 -0.295010797127 5.059149224758 2.273033736985 -0.465604039088 -1.522520883940 4.759027817319 1.786277673944 0.203503749796 -0.107922034351 -1.050384961712 0.638150069735 -0.606298087800 
-2.128530923470 -0.252434510482 -0.589900197166 2.422607399173 -0.794397721710 0.781466870528 -1.654069970680 2.273033736985 8.125510857593 -0.912056875638 -3.147162214898 3.444595777767 2.627239867966 0.605226976756 0.812759938964 -1.321559354040 1.955225641414 -0.587412282734 
-1.334027682350 0.202519641252 2.589516701047 0.426062256757 -0.683220671660 2.487812660702 -3.312089895295 -0.465604039088 -0.912056875638 4.880241826675 -2.240899204567 3.496696509286 0.856937129534 -1.482886711340 -2.377423110109 0.207484662347 0.068948739512 -3.054120011081 
2.043388462721 0.939552501791 -1.517359443098 -0.301440185993 0.033369480350 -0.993105979444 0.797556909534 -1.522520883940 -3.147162214898 -2.240899204567 5.765920158311 -3.175955985724 -1.973713752208 0.273776249024 0.466654888398 0.412100973006 0.904945212623 1.065792250041 
-17.356373870457 -1.008941631999 0.980654268775 3.621905610291 1.328911204386 5.761791682855 3.341565546360 4.759027817319 3.444595777767 3.496696509286 -3.175955985724 60.820268669090 16.961042568961 -5.132476436235 -1.769615109531 -3.196601748158 2.619147584388 -4.371940290824 
-6.451419009048 -1.087489681639 0.433517107252 1.362716902563 0.171115086829 -0.813232414887 2.733256768064 1.786277673944 2.627239867966 0.856937129534 -1.973713752208 16.961042568961 6.831722118745 -1.610655672039 -0.738430403048 -1.519250209066 0.538300449201 1.339957799584 
2.042229841217 -0.438634228374 -0.946845304773 -0.283683178584 0.876807145503 -0.430633739926 0.501813504607 0.203503749796 0.605226976756 -1.482886711340 0.273776249024 -5.132476436235 -1.610655672039 1.801745748461 0.891402984963 -0.346700883369 -0.281648108596 0.799732344768 
0.608526325647 -0.246845532244 -2.116656337357 -0.086901238762 0.874640681154 -0.715900117604 1.260837606231 -0.107922034351 0.812759938964 -2.377423110109 0.466654888398 -1.769615109531 -0.738430403048 0.891402984963 4.229106047570 -0.491953816706 -3.277313019789 1.173218671726 
1.157156053793 0.351600321007 0.260709362940 -0.184230623652 0.188102617168 -0.406932540817 0.065761052559 -1.050384961712 -1.321559354040 0.207484662347 0.412100973006 -3.196601748158 -1.519250209066 -0.346700883369 -0.491953816706 7.681610710924 3.383641233039 -0.233363895709 
-0.249265017731 0.886320965904 0.609700314578 0.944672562429 -2.593732499600 1.324695810596 -1.380623042796 0.638150069735 1.955225641414 0.068948739512 0.904945212623 2.619147584388 0.538300449201 -0.281648108596 -3.277313019789 3.383641233039 37.754466049289 -4.391179290073 
-0.033050427418 -0.990569471235 -1.163471666657 -1.011675366173 2.361163670228 -12.118028089516 14.980631581444 -0.606298087800 -0.587412282734 -3.054120011081 1.065792250041 -4.371940290824 1.339957799584 0.799732344768 1.173218671726 -0.233363895709 -4.391179290073 14.175335020340 
