TT_end3
6.305823428813 0.652178199762 0.136733122538 -1.770723448236 -0.787998115834 2.253004349494 -5.015007363684 -1.741144927253 -2.970216957430 -0.472231464491 1.056384342565 -16.212847649395 -6.342731496282 1.806381708898 0.233467201856 1.278452116407 -0.498973192249 -2.384877864432 
0.652178199762 1.924111106451 0.344271140260 0.557852740435 -1.099161642269 1.148693157869 -2.068159567036 -0.771486939024 0.479637149177 0.216695186754 1.151489155338 -1.012871218422 -0.968922606839 -0.279637323831 -0.345777195462 0.027217310325 1.174806846484 -0.761399201645 
0.136733122538 0.344271140260 4.522528689977 -1.258905214660 -1.653704613198 0.961379443354 -1.074088628532 -0.518984315898 -0.442923597889 2.501532121985 -0.905371417550 -1.157185770507 -0.384556480533 -0.524276099617 -2.209868631948 0.393181915207 -0.119927048803 -0.781248417519 
-1.770723448236 0.557852740435 -1.258905214660 9.590652779981 3.641774059185 0.505803231714 -1.108153929311 0.514759474452 2.438768021283 0.213102609227 0.209444801443 4.833067500924 1.916152183946 -0.911767332996 -0.035116751588 -0.399460801440 0.326315201352 -0.943155321572 
-0.787998115834 -1.099161642269 -1.653704613198 3.641774059185 43.554673850477 -2.721289344309 1.564740844816 1.467273856636 0.664852968715 -1.051223388359 -1.107683120281 2.103508933016 0.512326682487 0.909303993237 1.108938571587 -0.090574859936 -1.815938130784 1.414301338199 
2.253004349494 1.148693157869 0.961379443354 0.505803231714 -2.721289344309 14.782088760417 -15.214832781772 1.710265666212 -0.813908914827 4.144318840686 -0.200733771639 -1.107889739064 -2.507811472218 -0.299584094345 -1.350751195725 -0.175603742133 0.515587285486 -11.612141852178 
-5.015007363684 -2.068159567036 -1.074088628532 -1.108153929311 1.564740844816 -15.214832781772 25.393696426792 0.038545763622 -0.272807704868 -5.490279867157 0.715323059996 12.423449697485 5.905918841837 0.651914278250 1.878629908379 -0.047043133735 0.840710085764 15.188866490886 
-1.741144927253 -0.771486939024 -0.518984315898 0.514759474452 1.467273856636 1.710265666212 0.038545763622 5.193508997788 1.587298237356 0.760804797646 -0.947118269299 5.612856138187 2.636619052134 0.670713645505 -0.477177795315 -1.213855322294 0.620765784902 0.270337002367 
-2.970216957430 0.479637149177 -0.442923597889 2.438768021283 0.664852968715 -0.813908914827 -0.272807704868 1.587298237356 8.761435893446 -0.724621955267 -3.014311197874 4.442281198615 2.870666725938 -0.758513049600 0.904566080955 -2.172549647802 0.077497471042 -0.424183076498 
-0.472231464491 0.216695186754 2.501532121985 0.213102609227 -1.051223388359 4.144318840686 -5.490279867157 0.760804797646 -0.724621955267 6.199207791205 -2.006833375999 0.320952318335 -0.086106718176 -1.251809569846 -2.985407779904 0.663120380884 -0.295679022679 -3.914634796721 
1.056384342565 1.151489155338 -0.905371417550 0.209444801443 -1.107683120281 -0.200733771639 0.715323059996 -0.947118269299 -3.014311197874 -2.006833375999 7.195814531455 -0.019432025138 -0.310015152526 0.154095005937 -0.645031982102 0.721127701650 2.515022001343 2.036960680094 
-16.212847649395 -1.012871218422 -1.157185770507 4.833067500924 2.103508933016 -1.107889739064 12.423449697485 5.612856138187 4.442281198615 0.320952318335 -0.019432025138 59.046780500283 17.716538476871 -3.804292297593 -0.800476253791 -3.349184008494 4.158670045026 3.332676239300 
-6.342731496282 -0.968922606839 -0.384556480533 1.916152183946 0.512326682487 -2.507811472218 5.905918841837 2.636619052134 2.870666725938 -0.086106718176 -0.310015152526 17.716538476871 7.393495524519 -1.527424647839 -0.210591580966 -1.287540181188 1.846342323142 3.533543418186 
1.806381708898 -0.279637323831 -0.524276099617 -0.911767332996 0.909303993237 -0.299584094345 0.651914278250 0.670713645505 -0.758513049600 -1.251809569846 0.154095005937 -3.804292297593 -1.527424647839 1.925451409658 0.495388375848 -0.141015081085 -0.895951059275 0.639091676655 
0.233467201856 -0.345777195462 -2.209868631948 -0.035116751588 1.108938571587 -1.350751195725 1.878629908379 -0.477177795315 0.904566080955 -2.985407779904 -0.645031982102 -0.800476253791 -0.210591580966 0.495388375848 5.603361321648 -1.742704592572 -0.888478955307 1.398827940559 
1.278452116407 0.027217310325 0.393181915207 -0.399460801440 -0.090574859936 -0.175603742133 -0.047043133735 -1.213855322294 -2.172549647802 0.663120380884 0.721127701650 -3.349184008494 -1.287540181188 -0.141015081085 -1.742704592572 12.667482497642 5.427934473460 0.180563938786 
-0.498973192249 1.174806846484 -0.119927048803 0.326315201352 -1.815938130784 0.515587285486 0.840710085764 0.620765784902 0.077497471042 -0.295679022679 2.515022001343 4.158670045026 1.846342323142 -0.895951059275 -0.888478955307 5.427934473460 54.899563699317 -2.716586444583 
-2.384877864432 -0.761399201645 -0.781248417519 -0.943155321572 1.414301338199 -11.612141852178 15.188866490886 0.270337002367 -0.424183076498 -3.914634796721 2.036960680094 3.332676239300 3.533543418186 0.639091676655 1.398827940559 0.180563938786 -2.716586444583 15.874526169527 
