GH
10.787445928672 1.717156800332 -0.674900182979 -1.598393650506 -1.621128456002 -2.537456964872 0.841119560562 -3.820681746119 -3.705733793745 -2.258989073734 3.023944079379 -26.696862462054 -9.641834334946 3.281488153775 1.188831536034 1.955724301656 -0.780563502769 1.477900585164 
1.717156800332 2.572346603844 -0.079836379111 -0.275102558274 -0.210295330088 1.970718642593 -3.052263987247 -1.652758162637 -0.260673223303 0.546356329980 0.613849077737 -5.993108280742 -2.871854422696 -0.901743587194 -0.026108518223 0.083207726985 0.283967382908 -2.444649873764 
-0.674900182979 -0.079836379111 12.086997523563 3.113147913661 -11.320884564513 0.534304294633 -2.118523424453 -0.894855206283 -1.032689144566 4.145740948420 -0.793493177906 1.103717247608 0.482931035364 -1.081021258509 -4.040269185829 0.716726301138 1.798318639317 -1.289690553578 
-1.598393650506 -0.275102558274 3.113147913661 9.186429060361 -9.247529426743 0.086245410568 -1.540069051921 1.522947776913 4.712132795216 -0.363987586036 -0.800566246930 5.130544799852 2.515181885856 -0.213469904249 -0.357115102336 -1.944895039470 2.655384400377 0.164501386085 
-1.621128456002 -0.210295330088 -11.320884564513 -9.247529426743 61.050253352883 1.451162963564 4.467005941351 1.160523622533 1.679858282968 -1.244383097785 -1.383839962472 1.092625067634 0.021676364422 1.035213232099 2.407243945868 -1.176449941582 -3.836557601593 2.171997134691 
-2.537456964872 1.970718642593 0.534304294633 0.086245410568 1.451162963564 22.607400345543 -24.209485439636 0.362026945409 1.469249428291 4.396399479686 -1.332348958751 -1.742317322924 -2.967701929410 -3.758083535673 -1.094167187328 -0.916000131893 0.382025131990 -19.210126224323 
0.841119560562 -3.052263987247 -2.118523424453 -1.540069051921 4.467005941351 -24.209485439636 37.886115562268 0.125061781882 -3.065635279556 -6.168896325066 1.441128717912 2.708369190034 3.577538599324 3.902589848106 1.793367086029 1.170306075866 -2.840845605093 24.568478467321 
-3.820681746119 -1.652758162637 -0.894855206283 1.522947776913 1.160523622533 0.362026945409 0.125061781882 8.395151193861 3.540901789214 -0.439391436774 -0.363220363341 12.641712338654 4.259446445610 0.128469390292 0.300696747526 -1.759850860751 0.234744218913 1.087752115575 
-3.705733793745 -0.260673223303 -1.032689144566 4.712132795216 1.679858282968 1.469249428291 -3.065635279556 3.540901789214 14.781095627585 -1.135555715427 -4.442786104417 6.450554270067 4.321039313342 0.259738938819 0.126334176509 -4.196102783357 4.016628122485 -0.581961512060 
-2.258989073734 0.546356329980 4.145740948420 -0.363987586036 -1.244383097785 4.396399479686 -6.168896325066 -0.439391436774 -1.135555715427 6.106881702775 -2.192324309225 3.431716008520 0.672674197897 -2.204586993902 -3.997680001796 0.968291316477 0.627607726983 -4.596817545227 
3.023944079379 0.613849077737 -0.793493177906 -0.800566246930 -1.383839962472 -1.332348958751 1.441128717912 -0.363220363341 -4.442786104417 -2.192324309225 8.115080982968 -1.390411633704 -2.577919443467 0.127752032396 0.492020774774 0.846679035223 -0.805228874304 1.124359600733 
-26.696862462054 -5.993108280742 1.103717247608 5.130544799852 1.092625067634 -1.742317322924 2.708369190034 12.641712338654 6.450554270067 3.431716008520 -1.390411633704 91.273339020982 27.562642784550 -5.828012568297 -2.200918239833 -4.992942733449 4.140498516549 1.077012814403 
-9.641834334946 -2.871854422696 0.482931035364 2.515181885856 0.021676364422 -2.967701929410 3.577538599324 4.259446445610 4.321039313342 0.672674197897 -2.577919443467 27.562642784550 11.485213401295 -1.405931709936 -1.306241029105 -1.352174814091 3.945637932140 3.707668660996 
3.281488153775 -0.901743587194 -1.081021258509 -0.213469904249 1.035213232099 -3.758083535673 3.902589848106 0.128469390292 0.259738938819 -2.204586993902 0.127752032396 -5.828012568297 -1.405931709936 3.097052326786 0.950604958384 0.336366472022 -0.479864331268 3.562037438385 
1.188831536034 -0.026108518223 -4.040269185829 -0.357115102336 2.407243945868 -1.094167187328 1.793367086029 0.300696747526 0.126334176509 -3.997680001796 0.492020774774 -2.200918239833 -1.306241029105 0.950604958384 12.998926844367 -3.122429636574 -13.168953487408 0.395249160468 
1.955724301656 0.083207726985 0.716726301138 -1.944895039470 -1.176449941582 -0.916000131893 1.170306075866 -1.759850860751 -4.196102783357 0.968291316477 0.846679035223 -4.992942733449 -1.352174814091 0.336366472022 -3.122429636574 7.736014417449 8.249966238034 1.065828091852 
-0.780563502769 0.283967382908 1.798318639317 2.655384400377 -3.836557601593 0.382025131990 -2.840845605093 0.234744218913 4.016628122485 0.627607726983 -0.805228874304 4.140498516549 3.945637932140 -0.479864331268 -13.168953487408 8.249966238034 62.730479021044 0.048405250833 
1.477900585164 -2.444649873764 -1.289690553578 0.164501386085 2.171997134691 -19.210126224323 24.568478467321 1.087752115575 -0.581961512060 -4.596817545227 1.124359600733 1.077012814403 3.707668660996 3.562037438385 0.395249160468 1.065828091852 0.048405250833 22.640099556883 
