AT_end5
8.661270113938 1.531743360985 -0.210620373859 -0.795132668379 0.177019750109 -3.008279800699 3.560998279836 -2.009096093725 -1.106109722704 -0.902539788380 1.404110414016 -21.380847765795 -7.470642074351 2.429736844000 0.509858717979 0.604041102453 0.048297018065 2.957228380241 
1.531743360985 2.084645713076 0.300488515099 0.510008446912 -0.105774967190 0.795863205339 -1.008749214203 0.299103497953 0.363479345838 0.730729055851 0.473517268275 -4.124213838174 -2.022314282896 -0.484177121932 -0.354279133812 -0.170547178369 0.588031349513 -1.087356155629 
-0.210620373859 0.300488515099 5.762526514695 1.644870179295 -0.999347184599 0.080170419963 -0.491020194832 -0.416597043109 0.413664969332 2.561435066325 -0.899616697559 -0.011502496747 0.062960225451 -0.531217028676 -2.322443354710 -0.092439955155 0.720628794470 -0.351090545384 
-0.795132668379 0.510008446912 1.644870179295 13.217704039316 -6.381545970613 0.234029130244 -0.841698578492 1.138762843823 2.196114610150 -0.040947503946 0.432287978825 1.649698169314 0.751258530487 0.258219756235 -0.036569498535 -1.147533792516 1.020890483541 -0.107216384345 
0.177019750109 -0.105774967190 -0.999347184599 -6.381545970613 56.747617548339 1.547650182360 1.879549173463 0.131827332017 0.031337496544 0.154360582430 0.181370995883 2.128273137045 -0.427378419620 0.815488363859 0.588640894354 -0.770915629220 -2.707792921652 -0.218004356438 
-3.008279800699 0.795863205339 0.080170419963 0.234029130244 1.547650182360 16.960663809996 -18.037053642850 0.573403203411 0.496239038280 0.991268621649 0.159180714372 3.430012060960 -0.362167330156 -1.000959971278 0.106809122994 -0.212527173674 0.003317351193 -14.538773075860 
3.560998279836 -1.008749214203 -0.491020194832 -0.841698578492 1.879549173463 -18.037053642850 29.483395247792 -0.433431811625 -0.960569361854 -1.110084614923 1.068185573290 -5.590700526410 -0.867739721528 1.217362443685 0.134906804253 -0.607632328676 -2.347455493166 18.790200902074 
-2.009096093725 0.299103497953 -0.416597043109 1.138762843823 0.131827332017 0.573403203411 -0.433431811625 5.975077420573 2.274933804880 -0.010201663779 -0.965158421603 6.008300740223 1.657932213586 -0.532811180267 -0.268606120831 -0.949091628771 0.546507704182 -0.108259269018 
-1.106109722704 0.363479345838 0.413664969332 2.196114610150 0.031337496544 0.496239038280 -0.960569361854 2.274933804880 8.165868309680 -0.012842249948 -0.836087180772 0.881637573742 1.308282284028 0.828654265862 0.035567729857 -1.377380425098 1.842322715920 -0.028245939703 
-0.902539788380 0.730729055851 2.561435066325 -0.040947503946 0.154360582430 0.991268621649 -1.110084614923 -0.010201663779 -0.012842249948 4.399279565975 -0.442986604336 1.106934609586 -0.140468523191 -0.954693823906 -2.525370113141 -0.412230298230 -0.534435054923 -1.600030224900 
1.404110414016 0.473517268275 -0.899616697559 0.432287978825 0.181370995883 0.159180714372 1.068185573290 -0.965158421603 -0.836087180772 -0.442986604336 6.916564933258 0.272004478239 -1.778114419343 0.514372966108 0.296956542064 -1.046498476228 -1.475816336697 0.587470886503 
-21.380847765795 -4.124213838174 -0.011502496747 1.649698169314 2.128273137045 3.430012060960 -5.590700526410 6.008300740223 0.881637573742 1.106934609586 0.272004478239 70.906778139531 20.430706504448 -5.319328086389 -0.932239365316 -1.570831607568 1.427564992979 -4.338855838276 
-7.470642074351 -2.022314282896 0.062960225451 0.751258530487 -0.427378419620 -0.362167330156 -0.867739721528 1.657932213586 1.308282284028 -0.140468523191 -1.778114419343 20.430706504448 8.142921993819 -1.874968291483 -0.445717182398 -0.687249059394 0.266244077797 0.394618296922 
2.429736844000 -0.484177121932 -0.531217028676 0.258219756235 0.815488363859 -1.000959971278 1.217362443685 -0.532811180267 0.828654265862 -0.954693823906 0.514372966108 -5.319328086389 -1.874968291483 2.060458477315 0.336699445254 -0.431895991590 0.019315168356 1.041173547627 
0.509858717979 -0.354279133812 -2.322443354710 -0.036569498535 0.588640894354 0.106809122994 0.134906804253 -0.268606120831 0.035567729857 -2.525370113141 0.296956542064 -0.932239365316 -0.445717182398 0.336699445254 3.969763274628 -0.539494312816 -1.848130467981 0.358114518298 
0.604041102453 -0.170547178369 -0.092439955155 -1.147533792516 -0.770915629220 -0.212527173674 -0.607632328676 -0.949091628771 -1.377380425098 -0.412230298230 -1.046498476228 -1.570831607568 -0.687249059394 -0.431895991590 -0.539494312816 7.608617577885 3.273775775228 -0.339887819395 
0.048297018065 0.588031349513 0.720628794470 1.020890483541 -2.707792921652 0.003317351193 -2.347455493166 0.546507704182 1.842322715920 -0.534435054923 -1.475816336697 1.427564992979 0.266244077797 0.019315168356 -1.848130467981 3.273775775228 36.948307547630 -0.146493290274 
2.957228380241 -1.087356155629 -0.351090545384 -0.107216384345 -0.218004356438 -14.538773075860 18.790200902074 -0.108259269018 -0.028245939703 -1.600030224900 0.587470886503 -4.338855838276 0.394618296922 1.041173547627 0.358114518298 -0.339887819395 -0.146493290274 17.013565328865 
