CA_end5
5.441361207057 0.835003926737 0.224405108497 -1.470773004171 -1.464449793088 -0.061469810107 0.976726400793 -1.727658911400 -2.586572894908 -0.015834755840 1.867863410749 -12.752673853262 -4.302231259990 0.616014458048 -0.139469881014 1.239610164040 -0.063124890318 0.341624750943 
0.835003926737 1.935319806646 0.909477538689 0.346338768565 -0.935399576671 2.386814231566 -0.968558366612 1.009480262211 -0.229487798821 0.844327238630 0.534617553469 1.770935122416 -0.450332657340 0.236652669146 -0.666533283309 0.571968654987 0.423971390880 1.089161976388 
0.224405108497 0.909477538689 14.062822283912 -3.784165082357 -15.299830980443 2.554572061170 -2.847019600739 -0.402907571113 0.207875939909 2.061482000170 -0.812530165296 1.401853344422 0.560342336756 -0.906764821557 -1.646020011714 0.211771354033 0.949268688350 -1.653159256203 
-1.470773004171 0.346338768565 -3.784165082357 11.232778407842 11.245506675846 1.263430670651 -1.178710054606 0.904377144413 1.555518462350 0.596356770672 -0.307867350501 3.681609359191 1.598293083205 -0.025760491669 -0.377096761211 0.188932271170 0.523234218638 -0.972726892604 
-1.464449793088 -0.935399576671 -15.299830980443 11.245506675846 89.945917265072 -2.040721322323 3.134901239811 -0.171085659050 0.026499439670 -1.172048372283 -0.275126770249 1.213476839519 -0.596886914015 0.441224285084 0.367226121057 -0.326697912314 -0.287383189236 3.060713971689 
-0.061469810107 2.386814231566 2.554572061170 1.263430670651 -2.040721322323 15.901182216772 -9.840510308731 2.722845188812 0.046394877020 3.059614033383 2.096321583492 10.907185870519 1.568772682486 0.785444662509 -0.861643869321 0.842048214732 2.588313697270 -4.061972207914 
0.976726400793 -0.968558366612 -2.847019600739 -1.178710054606 3.134901239811 -9.840510308731 16.518714460439 -0.185996772363 -0.902422298142 -4.669770527987 -0.071428305876 -3.379260128541 -1.436257865898 1.421902857859 1.765800160597 -1.583127125267 -2.144475740484 11.532130623938 
-1.727658911400 1.009480262211 -0.402907571113 0.904377144413 -0.171085659050 2.722845188812 -0.185996772363 4.920519515424 2.269080308391 0.169328490259 -0.062849960504 6.857961712088 1.761783279429 0.846380608529 -0.252624660876 -0.118794068532 0.544468348355 2.512140803315 
-2.586572894908 -0.229487798821 0.207875939909 1.555518462350 0.026499439670 0.046394877020 -0.902422298142 2.269080308391 6.425225419996 -0.013689665949 -2.869828982596 2.940326794632 2.945515217286 0.124238990120 0.445242111841 -1.285804408967 0.613663110852 -1.626246683044 
-0.015834755840 0.844327238630 2.061482000170 0.596356770672 -1.172048372283 3.059614033383 -4.669770527987 0.169328490259 -0.013689665949 3.274857553146 -0.326392309450 1.791785670254 0.254867305001 -0.535660405072 -1.871369676673 1.254318513196 0.884393875132 -3.051042477560 
1.867863410749 0.534617553469 -0.812530165296 -0.307867350501 -0.275126770249 2.096321583492 -0.071428305876 -0.062849960504 -2.869828982596 -0.326392309450 4.652910439088 -1.250044504468 -1.744732990769 0.596353008483 -0.012680013383 0.358656804652 -0.334496392835 1.006255765219 
-12.752673853262 1.770935122416 1.401853344422 3.681609359191 1.213476839519 10.907185870519 -3.379260128541 6.857961712088 2.940326794632 1.791785670254 -1.250044504468 54.061205888761 12.146228368018 0.870332742213 -0.801911227464 -3.085121470442 2.532238289865 5.999814811032 
-4.302231259990 -0.450332657340 0.560342336756 1.598293083205 -0.596886914015 1.568772682486 -1.436257865898 1.761783279429 2.945515217286 0.254867305001 -1.744732990769 12.146228368018 4.436200037283 -0.356878661760 -0.082571466229 -1.091059877891 1.026152602698 -0.760930336977 
0.616014458048 0.236652669146 -0.906764821557 -0.025760491669 0.441224285084 0.785444662509 1.421902857859 0.846380608529 0.124238990120 -0.535660405072 0.596353008483 0.870332742213 -0.356878661760 1.733615007991 0.714228566012 -0.370066853138 0.087762589934 1.830927158532 
-0.139469881014 -0.666533283309 -1.646020011714 -0.377096761211 0.367226121057 -0.861643869321 1.765800160597 -0.252624660876 0.445242111841 -1.871369676673 -0.012680013383 -0.801911227464 -0.082571466229 0.714228566012 4.407127563780 0.865726817282 -2.644963862795 0.302617377105 
1.239610164040 0.571968654987 0.211771354033 0.188932271170 -0.326697912314 0.842048214732 -1.583127125267 -0.118794068532 -1.285804408967 1.254318513196 0.358656804652 -3.085121470442 -1.091059877891 -0.370066853138 0.865726817282 8.238510018048 -3.752053544653 -0.967997850815 
-0.063124890318 0.423971390880 0.949268688350 0.523234218638 -0.287383189236 2.588313697270 -2.144475740484 0.544468348355 0.613663110852 0.884393875132 -0.334496392835 2.532238289865 1.026152602698 0.087762589934 -2.644963862795 -3.752053544653 38.469984060500 -1.129841494049 
0.341624750943 1.089161976388 -1.653159256203 -0.972726892604 3.060713971689 -4.061972207914 11.532130623938 2.512140803315 -1.626246683044 -3.051042477560 1.006255765219 5.999814811032 -0.760930336977 1.830927158532 0.302617377105 -0.967997850815 -1.129841494049 15.088234463002 
