NM
11.960610984774 1.550222015430 0.553475187047 -0.650638798934 -2.071081448335 -3.530817189563 2.835955413202 -3.382343949562 -3.421082547982 -1.082566745955 2.301489770059 -29.715926587579 -10.532903307483 3.306313951590 0.778102571447 1.708527842395 -0.449593218192 2.661472620394 
1.550222015430 3.348080631751 0.471163442463 -0.192691785562 0.027699743615 2.409707716987 -2.415772179816 -0.339838525875 0.325036881208 1.492079852760 0.423019801261 -6.027625555496 -3.306313951590 -1.397205649195 -0.849902231862 -0.018157368304 0.988142567731 -2.674832489304 
0.553475187047 0.471163442463 13.352666777715 3.522764027711 -12.003446821316 -0.121227405462 -1.867972286572 -0.518530155713 -0.495455146353 4.297064165131 0.018489461288 -1.111431015356 -0.778102571447 -0.849902231862 -4.364828462983 0.548816567555 2.311074240876 -1.368796036915 
-0.650638798934 -0.192691785562 3.522764027711 8.564007725035 -9.369444083899 -0.729676082075 -0.087513480373 1.615649649641 4.353146460072 0.090283026238 0.183847208137 3.989221411305 1.708527842395 0.018157368304 -0.548816567555 -1.980583393291 1.885205250616 0.927586806486 
-2.071081448335 0.027699743615 -12.003446821316 -9.369444083899 57.436102756249 2.466914077180 3.535935450053 0.924783597744 2.624496153075 -0.455348890636 -0.909014509100 2.365752144478 0.449593218192 0.988142567731 2.311074240876 -1.885205250616 -4.261561843436 1.125326453140 
-3.530817189563 2.409707716987 -0.121227405462 -0.729676082075 2.466914077180 24.977689433590 -28.057366304147 0.965624533192 0.976976984150 4.154727617081 -0.312963755733 0.156854578064 -2.661472620394 -2.674832489304 -1.368796036915 -0.927586806486 1.125326453140 -22.053186129442 
2.835955413202 -2.415772179816 -1.867972286572 -0.087513480373 3.535935450053 -28.057366304147 43.576657462549 0.000000000000 -0.000000000000 -4.550206926006 -0.000000000000 0.000000000000 2.835955413202 2.415772179816 1.867972286572 -0.087513480373 -3.535935450053 28.057366304147 
-3.382343949562 -0.339838525875 -0.518530155713 1.615649649641 0.924783597744 0.965624533192 0.000000000000 10.961924106911 4.229972209178 0.000000000000 -1.402546052343 11.894289513141 3.382343949562 -0.339838525875 -0.518530155713 -1.615649649641 0.924783597744 0.965624533192 
-3.421082547982 0.325036881208 -0.495455146353 4.353146460072 2.624496153075 0.976976984150 -0.000000000000 4.229972209178 15.028947070258 -0.000000000000 -4.290782887466 5.474320358745 3.421082547982 0.325036881208 -0.495455146353 -4.353146460072 2.624496153075 0.976976984150 
-1.082566745955 1.492079852760 4.297064165131 0.090283026238 -0.455348890636 4.154727617081 -4.550206926006 0.000000000000 -0.000000000000 6.240146857200 0.000000000000 -0.000000000000 -1.082566745955 -1.492079852760 -4.297064165131 0.090283026238 0.455348890636 -4.154727617081 
2.301489770059 0.423019801261 0.018489461288 0.183847208137 -0.909014509100 -0.312963755733 -0.000000000000 -1.402546052343 -4.290782887466 0.000000000000 7.852891359401 -0.121338211282 -2.301489770059 0.423019801261 0.018489461288 -0.183847208137 -0.909014509100 -0.312963755733 
-29.715926587579 -6.027625555496 -1.111431015356 3.989221411305 2.365752144478 0.156854578064 0.000000000000 11.894289513141 5.474320358745 -0.000000000000 -0.121338211282 98.735052917612 29.715926587579 -6.027625555496 -1.111431015356 -3.989221411305 2.365752144478 0.156854578064 
-10.532903307483 -3.306313951590 -0.778102571447 1.708527842395 0.449593218192 -2.661472620394 2.835955413202 3.382343949562 3.421082547982 -1.082566745955 -2.301489770059 29.715926587579 11.960610984774 -1.550222015430 -0.553475187047 -0.650638798934 2.071081448335 3.530817189563 
3.306313951590 -1.397205649195 -0.849902231862 0.018157368304 0.988142567731 -2.674832489304 2.415772179816 -0.339838525875 0.325036881208 -1.492079852760 0.423019801261 -6.027625555496 -1.550222015430 3.348080631751 0.471163442463 0.192691785562 0.027699743615 2.409707716987 
0.778102571447 -0.849902231862 -4.364828462983 -0.548816567555 2.311074240876 -1.368796036915 1.867972286572 -0.518530155713 -0.495455146353 -4.297064165131 0.018489461288 -1.111431015356 -0.553475187047 0.471163442463 13.352666777715 -3.522764027711 -12.003446821316 -0.121227405462 
1.708527842395 -0.018157368304 0.548816567555 -1.980583393291 -1.885205250616 -0.927586806486 -0.087513480373 -1.615649649641 -4.353146460072 0.090283026238 -0.183847208137 -3.989221411305 -0.650638798934 0.192691785562 -3.522764027711 8.564007725035 9.369444083899 0.729676082075 
-0.449593218192 0.988142567731 2.311074240876 1.885205250616 -4.261561843436 1.125326453140 -3.535935450053 0.924783597744 2.624496153075 0.455348890636 -0.909014509100 2.365752144478 2.071081448335 0.027699743615 -12.003446821316 9.369444083899 57.436102756249 2.466914077180 
2.661472620394 -2.674832489304 -1.368796036915 0.927586806486 1.125326453140 -22.053186129442 28.057366304147 0.965624533192 0.976976984150 -4.154727617081 -0.312963755733 0.156854578064 3.530817189563 2.409707716987 -0.121227405462 0.729676082075 2.466914077180 24.977689433590 
