NA
9.232776513359 2.031510654689 1.232884462486 -1.409166577440 -4.393574595989 -2.551801360899 3.740347731623 -2.889064235323 -5.171180796931 0.839662037431 2.352435388246 -22.350024444938 -8.524523569912 1.429876609210 -0.204090610746 2.832484885340 -0.261862366398 1.665465662254 
2.031510654689 3.360428948083 1.627073464782 0.060257810269 -1.472809753116 3.053611614891 -2.587850156453 -0.113543985553 0.233251513368 2.390664004151 -0.077608503943 -8.567671166248 -3.157876406773 -0.748992089324 -1.073210282035 0.586750607867 1.327394381873 -2.605191085580 
1.232884462486 1.627073464782 13.490700918830 3.388003096473 -15.215443954453 1.923551806169 -2.562051339750 0.831942994948 -0.331710435661 4.565760676433 0.150671236331 -1.423665100543 -0.630800659006 -0.145227025432 -3.778464958706 0.850571160092 1.965625212020 -1.476723421386 
-1.409166577440 0.060257810269 3.388003096473 7.332558705630 -6.576953480920 -0.553627709338 1.050004310409 2.072091828246 4.770154543824 0.752889642885 -1.823511622828 5.617899645343 1.882558553350 -0.201794725817 -0.735792489278 -2.142605241797 0.739854535602 1.414153461585 
-4.393574595989 -1.472809753116 -15.215443954453 -6.576953480920 57.089171596634 -3.598857146138 0.930525594286 -0.156793107265 4.061221506273 -0.942800902380 0.306131528576 4.791709100046 1.004487457701 0.716546978402 1.266327212797 -2.863090583431 -1.964718928668 0.241033284816 
-2.551801360899 3.053611614891 1.923551806169 -0.553627709338 -3.598857146138 20.571818239528 -20.883378550212 -1.353974902710 -0.437204505797 6.198678108783 2.556425465881 -3.332318209097 0.431640772439 -1.312134059201 -1.730508997792 1.011234409669 1.271251016054 -15.442113572360 
3.740347731623 -2.587850156453 -2.562051339750 1.050004310409 0.930525594286 -20.883378550212 33.549317190260 1.563666949020 1.719974875914 -7.284569541452 -1.758601493247 -5.511912829707 -2.622563892320 2.133480712937 2.519254714738 -1.711774858830 -2.351386933097 20.409993525515 
-2.889064235323 -0.113543985553 0.831942994948 2.072091828246 -0.156793107265 -1.353974902710 1.563666949020 8.580181553226 3.904529734627 0.131734047796 -1.787201851630 8.772362186663 2.730861384565 -0.893790984879 -1.326109903777 -1.201726332918 1.047696932052 4.109430349275 
-5.171180796931 0.233251513368 -0.331710435661 4.770154543824 4.061221506273 -0.437204505797 1.719974875914 3.904529734627 15.523175790947 0.576063250691 -6.408488495560 8.113494763624 4.292838509649 -0.832691896709 -0.775018828491 -4.781073572013 0.875045592545 0.901876236759 
0.839662037431 2.390664004151 4.565760676433 0.752889642885 -0.942800902380 6.198678108783 -7.284569541452 0.131734047796 0.576063250691 7.861943752131 2.811508037916 -3.767280478667 -1.576930047017 -0.296798128422 -4.449890580116 0.704547703543 1.413895561892 -5.472513235379 
2.352435388246 -0.077608503943 0.150671236331 -1.823511622828 0.306131528576 2.556425465881 -1.758601493247 -1.787201851630 -6.408488495560 2.811508037916 8.293801326255 -3.230410303115 -2.905265202255 1.401358780637 -1.071277769223 0.904501143804 -0.910552134754 -0.585175343144 
-22.350024444938 -8.567671166248 -1.423665100543 5.617899645343 4.791709100046 -3.332318209097 -5.511912829707 8.772362186663 8.113494763624 -3.767280478667 -3.230410303115 79.218954966207 23.067936179586 -0.519324379915 0.254729746475 -6.399474017791 1.585994196133 4.906886870918 
-8.524523569912 -3.157876406773 -0.630800659006 1.882558553350 1.004487457701 0.431640772439 -2.622563892320 2.730861384565 4.292838509649 -1.576930047017 -2.905265202255 23.067936179586 9.163621625494 -0.924304555505 0.470831020797 -1.896472651672 -0.296517199799 -0.651300647626 
1.429876609210 -0.748992089324 -0.145227025432 -0.201794725817 0.716546978402 -1.312134059201 2.133480712937 -0.893790984879 -0.832691896709 -0.296798128422 1.401358780637 -0.519324379915 -0.924304555505 2.461363391238 0.199397912667 -0.195046873251 -0.931178022086 1.357376761376 
-0.204090610746 -1.073210282035 -3.778464958706 -0.735792489278 1.266327212797 -1.730508997792 2.519254714738 -1.326109903777 -0.775018828491 -4.449890580116 -1.071277769223 0.254729746475 0.470831020797 0.199397912667 6.062792098398 0.907019248178 0.575652541600 1.206661096481 
2.832484885340 0.586750607867 0.850571160092 -2.142605241797 -2.863090583431 1.011234409669 -1.711774858830 -1.201726332918 -4.781073572013 0.704547703543 0.904501143804 -6.399474017791 -1.896472651672 -0.195046873251 0.907019248178 9.824194947906 -3.369582077603 -1.481524678592 
-0.261862366398 1.327394381873 1.965625212020 0.739854535602 -1.964718928668 1.271251016054 -2.351386933097 1.047696932052 0.875045592545 1.413895561892 -0.910552134754 1.585994196133 -0.296517199799 -0.931178022086 0.575652541600 -3.369582077603 37.628039188945 0.760091707116 
1.665465662254 -2.605191085580 -1.476723421386 1.414153461585 0.241033284816 -15.442113572360 20.409993525515 4.109430349275 0.901876236759 -5.472513235379 -0.585175343144 4.906886870918 -0.651300647626 1.357376761376 1.206661096481 -1.481524678592 0.760091707116 19.292383174348 
