CG
6.256984934149 0.851578387317 0.113949659855 -1.653322295565 -1.847810645427 0.559343353101 -0.245674245749 -2.046559286793 -3.553591855111 0.088826138916 2.242530317656 -15.774922645428 -5.575847186407 0.954108465819 -0.497096781194 1.822182509087 0.003531156571 -0.279905215991 
0.851578387317 1.857289961905 1.205970671591 -0.002415513893 -1.305462689916 2.088290034712 -1.584312106150 0.908900307478 -0.277182944602 0.991529902858 0.555282980355 0.357175103797 -0.954108465819 0.357452035215 -1.009849501463 0.046409700352 0.346008446487 0.763326686540 
0.113949659855 1.205970671591 10.567375358323 -1.923613988224 -11.942454610187 2.185556972346 -3.178360067868 -0.349415540834 0.742674708294 2.247602311443 -0.594700445619 0.529823967412 0.497096781194 -1.009849501463 -2.098856275400 0.050565958969 1.299024478680 -1.441553659827 
-1.653322295565 -0.002415513893 -1.923613988224 6.651445060649 5.997865410253 1.130692878665 -1.121704457195 0.855274000223 1.163494657152 0.247253415035 -0.257496107789 3.931851755483 1.822182509087 -0.046409700352 -0.050565958969 -0.475920514074 0.539444818364 -0.778732678261 
-1.847810645427 -1.305462689916 -11.942454610187 5.997865410253 63.609661473271 -1.847239240082 2.976320581818 0.297929845641 0.072010576542 -1.483641153737 0.408199944407 2.731288480719 -0.003531156571 0.346008446487 1.299024478680 -0.539444818364 -1.858727060528 2.897689631594 
0.559343353101 2.088290034712 2.185556972346 1.130692878665 -1.847239240082 16.486109236291 -13.279143100649 2.361904170586 -1.111623297878 3.478998479402 1.204155023738 6.718844513776 0.279905215991 0.763326686540 -1.441553659827 0.778732678261 2.897689631594 -6.912959500713 
-0.245674245749 -1.584312106150 -3.178360067868 -1.121704457195 2.976320581818 -13.279143100649 20.692786890622 0.000000000000 0.000000000000 -6.653470500661 0.000000000000 0.000000000000 -0.245674245749 1.584312106150 3.178360067868 -1.121704457195 -2.976320581818 13.279143100649 
-2.046559286793 0.908900307478 -0.349415540834 0.855274000223 0.297929845641 2.361904170586 0.000000000000 5.558163513163 2.177143312164 0.000000000000 0.015852058985 7.415940348709 2.046559286793 0.908900307478 -0.349415540834 -0.855274000223 0.297929845641 2.361904170586 
-3.553591855111 -0.277182944602 0.742674708294 1.163494657152 0.072010576542 -1.111623297878 0.000000000000 2.177143312164 6.576844234290 -0.000000000000 -3.143156305132 3.992647492529 3.553591855111 -0.277182944602 0.742674708294 -1.163494657152 0.072010576542 -1.111623297878 
0.088826138916 0.991529902858 2.247602311443 0.247253415035 -1.483641153737 3.478998479402 -6.653470500661 0.000000000000 -0.000000000000 3.483611333511 0.000000000000 -0.000000000000 0.088826138916 -0.991529902858 -2.247602311443 0.247253415035 1.483641153737 -3.478998479402 
2.242530317656 0.555282980355 -0.594700445619 -0.257496107789 0.408199944407 1.204155023738 0.000000000000 0.015852058985 -3.143156305132 0.000000000000 5.456167602137 -3.009880682191 -2.242530317656 0.555282980355 -0.594700445619 0.257496107789 0.408199944407 1.204155023738 
-15.774922645428 0.357175103797 0.529823967412 3.931851755483 2.731288480719 6.718844513776 0.000000000000 7.415940348709 3.992647492529 -0.000000000000 -3.009880682191 64.325413531458 15.774922645428 0.357175103797 0.529823967412 -3.931851755483 2.731288480719 6.718844513776 
-5.575847186407 -0.954108465819 0.497096781194 1.822182509087 -0.003531156571 0.279905215991 -0.245674245749 2.046559286793 3.553591855111 0.088826138916 -2.242530317656 15.774922645428 6.256984934149 -0.851578387317 -0.113949659855 -1.653322295565 1.847810645427 -0.559343353101 
0.954108465819 0.357452035215 -1.009849501463 -0.046409700352 0.346008446487 0.763326686540 1.584312106150 0.908900307478 -0.277182944602 -0.991529902858 0.555282980355 0.357175103797 -0.851578387317 1.857289961905 1.205970671591 0.002415513893 -1.305462689916 2.088290034712 
-0.497096781194 -1.009849501463 -2.098856275400 -0.050565958969 1.299024478680 -1.441553659827 3.178360067868 -0.349415540834 0.742674708294 -2.247602311443 -0.594700445619 0.529823967412 -0.113949659855 1.205970671591 10.567375358323 1.923613988224 -11.942454610187 2.185556972346 
1.822182509087 0.046409700352 0.050565958969 -0.475920514074 -0.539444818364 0.778732678261 -1.121704457195 -0.855274000223 -1.163494657152 0.247253415035 0.257496107789 -3.931851755483 -1.653322295565 0.002415513893 1.923613988224 6.651445060649 -5.997865410253 -1.130692878665 
0.003531156571 0.346008446487 1.299024478680 0.539444818364 -1.858727060528 2.897689631594 -2.976320581818 0.297929845641 0.072010576542 1.483641153737 0.408199944407 2.731288480719 1.847810645427 -1.305462689916 -11.942454610187 -5.997865410253 63.609661473271 -1.847239240082 
-0.279905215991 0.763326686540 -1.441553659827 -0.778732678261 2.897689631594 -6.912959500713 13.279143100649 2.361904170586 -1.111623297878 -3.478998479402 1.204155023738 6.718844513776 -0.559343353101 2.088290034712 2.185556972346 -1.130692878665 -1.847239240082 16.486109236291 
