NC
11.338296274490 1.691899826205 1.399769796448 -1.048607826341 -4.118703505658 -3.716164791375 3.660790874262 -4.051179602708 -4.088703394885 0.843166531569 2.458691503239 -27.898636554378 -9.760910603790 2.868929421866 -0.491435823113 2.475118904208 0.070196794135 3.103583355012 
1.691899826205 3.169527218554 0.992986497935 -0.319925743793 -0.517363279864 3.298608274238 -3.317060600474 0.283611840873 0.184279925526 2.137295140050 0.138596760823 -6.563471533804 -3.608976623649 -0.911318131005 -0.983385350373 0.255119507248 1.084763699652 -3.380324069035 
1.399769796448 0.992986497935 12.921783764706 3.093009303143 -13.069307967862 0.374187675821 -1.812326132148 0.300738093811 -0.352160218953 3.733785154300 0.393558859464 -2.264886873599 -1.261362292263 -0.085196518792 -3.749405504663 0.497950302169 2.329603292561 -1.098661840528 
-1.048607826341 -0.319925743793 3.093009303143 7.419642313392 -7.777710042616 -1.110586928427 1.377747576831 1.749955697081 3.810578822691 0.756778449054 -1.001232981609 4.665692235706 1.854038626670 -0.111151656404 -0.548886245771 -1.756435967852 1.282350493634 1.091117803013 
-4.118703505658 -0.517363279864 -13.069307967862 -7.777710042616 60.512177702008 0.020226655985 2.708578090601 0.282547320229 3.616702070251 -0.878364051211 -0.897678568823 4.542028508285 0.997098664455 0.136685024080 1.841961255903 -2.510851886597 -3.774625557952 0.445474213733 
-3.716164791375 3.298608274238 0.374187675821 -1.110586928427 0.020226655985 22.009935624169 -24.465025804552 0.907416393772 -0.331434184637 4.390138432213 1.152472177492 1.839180028962 -1.191504988210 -2.619032463946 -1.354959147981 -0.305538660461 2.276033954234 -18.911184218525 
3.660790874262 -3.317060600474 -1.812326132148 1.377747576831 2.708578090601 -24.465025804552 38.232833546544 0.526982740593 3.038811569373 -6.013086250114 -2.049591690912 -3.617222416881 0.587396000726 3.054869802949 2.203747566984 -1.371170686192 -4.394550409411 24.296290148105 
-4.051179602708 0.283611840873 0.300738093811 1.749955697081 0.282547320229 0.907416393772 0.526982740593 8.695627099773 3.387699392502 0.611161677325 -0.301895719221 12.329544776290 3.560807344411 -1.692296094385 -0.908725060097 -1.613146633160 1.097884508827 0.737248202314 
-4.088703394885 0.184279925526 -0.352160218953 3.810578822691 3.616702070251 -0.331434184637 3.038811569373 3.387699392502 13.413684287279 0.584569415363 -4.466273970980 6.040208092292 3.533406027141 -0.304723001916 -0.599049801971 -4.232982064886 1.672573363712 1.426136966551 
0.843166531569 2.137295140050 3.733785154300 0.756778449054 -0.878364051211 4.390138432213 -6.013086250114 0.611161677325 0.584569415363 5.520010928208 1.881751525553 -3.406813540990 -2.243572460578 -0.792126021541 -3.733331756931 -0.158008808656 1.316174153795 -4.134290866416 
2.458691503239 0.138596760823 0.393558859464 -1.001232981609 -0.897678568823 1.152472177492 -2.049591690912 -0.301895719221 -4.466273970980 1.881751525553 7.648306730497 -1.081561827352 -2.770757456067 0.438345576707 -0.564450277885 0.857614412908 -1.153026343465 -1.457467122765 
-27.898636554378 -6.563471533804 -2.264886873599 4.665692235706 4.542028508285 1.839180028962 -3.617222416881 12.329544776290 6.040208092292 -3.406813540990 -1.081561827352 91.652956480371 26.910820272984 -5.960084619850 0.902004697047 -5.024518778754 0.840696697259 -2.600099024262 
-9.760910603790 -3.608976623649 -1.261362292263 1.854038626670 0.997098664455 -1.191504988210 0.587396000726 3.560807344411 3.533406027141 -2.243572460578 -2.770757456067 26.910820272984 10.872304866599 -1.583361693063 0.602483673408 -1.566888286304 1.411063875090 2.225088704205 
2.868929421866 -0.911318131005 -0.085196518792 -0.111151656404 0.136685024080 -2.619032463946 3.054869802949 -1.692296094385 -0.304723001916 -0.792126021541 0.438345576707 -5.960084619850 -1.583361693063 2.533375823661 -0.013040700869 0.388158095279 -0.066452764811 2.155491112725 
-0.491435823113 -0.983385350373 -3.749405504663 -0.548886245771 1.841961255903 -1.354959147981 2.203747566984 -0.908725060097 -0.599049801971 -3.733331756931 -0.564450277885 0.902004697047 0.602483673408 -0.013040700869 11.818547893794 -3.189741722413 -11.400592685288 0.456832209498 
2.475118904208 0.255119507248 0.497950302169 -1.756435967852 -2.510851886597 -0.305538660461 -1.371170686192 -1.613146633160 -4.232982064886 -0.158008808656 0.857614412908 -5.024518778754 -1.566888286304 0.388158095279 -3.189741722413 8.983621711578 9.314629758365 0.023675535854 
0.070196794135 1.084763699652 2.329603292561 1.282350493634 -3.774625557952 2.276033954234 -4.394550409411 1.097884508827 1.672573363712 1.316174153795 -1.153026343465 0.840696697259 1.411063875090 -0.066452764811 -11.400592685288 9.314629758365 61.759812340060 1.619100400200 
3.103583355012 -3.380324069035 -1.098661840528 1.091117803013 0.445474213733 -18.911184218525 24.296290148105 0.737248202314 1.426136966551 -4.134290866416 -1.457467122765 -2.600099024262 2.225088704205 2.155491112725 0.456832209498 0.023675535854 1.619100400200 22.404484682482 
