AA
8.247077600783 2.055594055721 0.197047295268 -1.816419151969 -1.383022761257 -2.161393572924 4.432305403224 -2.310375886694 -3.944557880006 0.769629623151 2.062444158436 -20.575962835754 -7.729500688730 1.258908697110 -0.115107629200 1.907969777489 -0.560043737560 1.780927707667 
2.055594055721 2.351969414525 1.241405074774 0.220904902705 -0.877775085426 0.962460016662 -0.655741326721 0.486127238700 0.143928801746 1.955685503748 -0.064627218024 -6.250038453452 -2.494309932837 -0.488486155011 -0.936348390151 0.758593681821 0.544518505415 -0.710466052928 
0.197047295268 1.241405074774 4.925931721388 1.032515330915 -2.754923807413 1.715883601046 -2.271425127781 0.120755327174 1.230091571099 3.386767614262 -0.263905859217 -0.715061347832 -0.338930421461 -0.486557252687 -2.531232769198 0.048601382050 1.301855443083 -1.151415979724 
-1.816419151969 0.220904902705 1.032515330915 8.220451973825 -3.559233014611 -0.337088470800 0.565515328057 1.488608066741 2.530227145040 0.204066846842 -1.124634767154 4.621537586802 1.665453619263 -0.155808386455 -0.258992289355 -0.401477436554 0.231390126175 0.808582027814 
-1.383022761257 -0.877775085426 -2.754923807413 -3.559233014611 42.742177016611 -4.812541587071 1.310574189659 0.571733948833 1.697585773455 -0.722108738153 1.271422604876 3.764209815443 0.659134550384 0.917086210520 0.655272520901 -0.876285396522 -1.897300927598 0.951850223120 
-2.161393572924 0.962460016662 1.715883601046 -0.337088470800 -4.812541587071 17.828690328311 -18.914396161813 -0.738494070864 -0.480951510458 4.385743186276 1.474916075417 -2.500368844434 1.131997177725 -1.185133295711 -1.476904818408 1.334253866176 1.695505729167 -15.095002715907 
4.432305403224 -0.655741326721 -2.271425127781 0.565515328057 1.310574189659 -18.914396161813 29.854958608281 0.843986428488 0.956192356666 -5.309128881294 -0.202529728446 -7.153637158993 -3.735294513200 2.339550131334 1.950171794692 -1.794040609713 -2.217986636479 18.225975965701 
-2.310375886694 0.486127238700 0.120755327174 1.488608066741 0.571733948833 -0.738494070864 0.843986428488 6.380619847941 3.378064647255 -0.004829485879 -1.989012204944 5.318447329805 1.859248231656 -0.706311824198 -0.996639024079 -0.770965274908 0.891905470875 2.388151631894 
-3.944557880006 0.143928801746 1.230091571099 2.530227145040 1.697585773455 -0.480951510458 0.956192356666 3.378064647255 9.573585580998 0.942067317254 -3.533367217577 6.546153599754 3.824279427170 0.021912900384 -0.585039542681 -2.734343314849 0.464378331210 0.092363426798 
0.769629623151 1.955685503748 3.386767614262 0.204066846842 -0.722108738153 4.385743186276 -5.309128881294 -0.004829485879 0.942067317254 5.970728728877 2.009405500924 -3.110708825685 -1.308467406336 -0.395306502502 -3.067224104161 0.550256641300 1.321460224416 -3.917575637174 
2.062444158436 -0.064627218024 -0.263905859217 -1.124634767154 1.271422604876 1.474916075417 -0.202529728446 -1.989012204944 -3.533367217577 2.009405500924 6.685652800335 -3.460626883072 -2.601783445735 0.962235547841 -1.372708193303 0.258262630280 -0.912187668301 -0.284675312638 
-20.575962835754 -6.250038453452 -0.715061347832 4.621537586802 3.764209815443 -2.500368844434 -7.153637158993 5.318447329805 6.546153599754 -3.110708825685 -3.460626883072 71.794718186676 20.252849906839 -1.251781972217 0.208187345280 -5.181690115332 1.751932092580 3.830726187757 
-7.729500688730 -2.494309932837 -0.338930421461 1.665453619263 0.659134550384 1.131997177725 -3.735294513200 1.859248231656 3.824279427170 -1.308467406336 -2.601783445735 20.252849906839 8.142732771697 -1.044482023788 0.330396618061 -1.646853974179 0.214041337770 -1.551140739497 
1.258908697110 -0.488486155011 -0.486557252687 -0.155808386455 0.917086210520 -1.185133295711 2.339550131334 -0.706311824198 0.021912900384 -0.395306502502 0.962235547841 -1.251781972217 -1.044482023788 2.100935528300 0.364766049290 -0.532990642766 -0.864416584881 1.370047171381 
-0.115107629200 -0.936348390151 -2.531232769198 -0.258992289355 0.655272520901 -1.476904818408 1.950171794692 -0.996639024079 -0.585039542681 -3.067224104161 -1.372708193303 0.208187345280 0.330396618061 0.364766049290 5.250612415783 1.152855228718 -1.549506986339 0.643719843072 
1.907969777489 0.758593681821 0.048601382050 -0.401477436554 -0.876285396522 1.334253866176 -1.794040609713 -0.770965274908 -2.734343314849 0.550256641300 0.258262630280 -5.181690115332 -1.646853974179 -0.532990642766 1.152855228718 9.329614881435 -3.676445867457 -1.223405852149 
-0.560043737560 0.544518505415 1.301855443083 0.231390126175 -1.897300927598 1.695505729167 -2.217986636479 0.891905470875 0.464378331210 1.321460224416 -0.912187668301 1.751932092580 0.214041337770 -0.864416584881 -1.549506986339 -3.676445867457 41.611972784756 0.184680995437 
1.780927707667 -0.710466052928 -1.151415979724 0.808582027814 0.951850223120 -15.095002715907 18.225975965701 2.388151631894 0.092363426798 -3.917575637174 -0.284675312638 3.830726187757 -1.551140739497 1.370047171381 0.643719843072 -1.223405852149 0.184680995437 17.689250093528 
