AT
9.917779745412 2.038201319944 -0.106853435040 -1.204499573389 -0.324796397104 -1.939219845488 1.679866687527 -1.776296653527 -2.115284219784 -0.746793479459 2.102553727129 -24.760803401830 -8.994185866291 2.785150813381 0.269973754151 1.176878714740 0.047468316659 1.966910219572 
2.038201319944 2.389738158818 0.680504218195 0.342819049922 -0.180534104167 0.978422887334 -1.100184476813 -0.210737782482 0.536340951658 1.147965058060 0.429328040352 -5.804911396012 -2.785150813381 -0.573890108823 -0.655061266767 -0.139190550031 0.748862160087 -1.236022408283 
-0.106853435040 0.680504218195 4.837716621361 0.729106002117 -1.642021585807 0.425756966362 -0.749838623074 -0.481321513844 0.568921293717 3.042139189180 -0.742898102730 -0.260977030392 -0.269973754151 -0.655061266767 -2.663614897081 -0.247101027310 1.016345441744 -0.547519335350 
-1.204499573389 0.342819049922 0.729106002117 8.332916030184 -3.827528191695 -0.082511221606 -0.172161308336 1.382921373948 2.506967975239 -0.279891086553 0.424888088640 2.856153281185 1.176878714740 0.139190550031 0.247101027310 -1.335147673340 0.978079467514 0.552158210098 
-0.324796397104 -0.180534104167 -1.642021585807 -3.827528191695 39.678447983527 0.148786965540 2.627694523575 0.309806646735 1.158031552773 -0.028760165611 -0.577864708837 2.463160128169 -0.047468316659 0.748862160087 1.016345441744 -0.978079467514 -2.614965466341 -0.052717943730 
-1.939219845488 0.978422887334 0.425756966362 -0.082511221606 0.148786965540 20.497389590202 -23.113550164776 0.417024992338 0.311816372443 2.438786123257 0.891542357972 -0.681565539519 -1.966910219572 -1.236022408283 -0.547519335350 -0.552158210098 -0.052717943730 -17.882046485046 
1.679866687527 -1.100184476813 -0.749838623074 -0.172161308336 2.627694523575 -23.113550164776 36.344019833702 -0.000000000000 -0.000000000000 -2.449715033675 0.000000000000 0.000000000000 1.679866687527 1.100184476813 0.749838623074 -0.172161308336 -2.627694523575 23.113550164776 
-1.776296653527 -0.210737782482 -0.481321513844 1.382921373948 0.309806646735 0.417024992338 -0.000000000000 7.093186491542 3.208965410296 0.000000000000 -0.989007155837 5.552433077346 1.776296653527 -0.210737782482 -0.481321513844 -1.382921373948 0.309806646735 0.417024992338 
-2.115284219784 0.536340951658 0.568921293717 2.506967975239 1.158031552773 0.311816372443 -0.000000000000 3.208965410296 10.390814211321 -0.000000000000 -1.846848619904 2.516355328561 2.115284219784 0.536340951658 0.568921293717 -2.506967975239 1.158031552773 0.311816372443 
-0.746793479459 1.147965058060 3.042139189180 -0.279891086553 -0.028760165611 2.438786123257 -2.449715033675 0.000000000000 -0.000000000000 5.226834216900 -0.000000000000 0.000000000000 -0.746793479459 -1.147965058060 -3.042139189180 -0.279891086553 0.028760165611 -2.438786123257 
2.102553727129 0.429328040352 -0.742898102730 0.424888088640 -0.577864708837 0.891542357972 0.000000000000 -0.989007155837 -1.846848619904 -0.000000000000 9.203804981916 -0.437143446863 -2.102553727129 0.429328040352 -0.742898102730 -0.424888088640 -0.577864708837 0.891542357972 
-24.760803401830 -5.804911396012 -0.260977030392 2.856153281185 2.463160128169 -0.681565539519 0.000000000000 5.552433077346 2.516355328561 0.000000000000 -0.437143446863 82.621544447207 24.760803401830 -5.804911396012 -0.260977030392 -2.856153281185 2.463160128169 -0.681565539519 
-8.994185866291 -2.785150813381 -0.269973754151 1.176878714740 -0.047468316659 -1.966910219572 1.679866687527 1.776296653527 2.115284219784 -0.746793479459 -2.102553727129 24.760803401830 9.917779745412 -2.038201319944 0.106853435040 -1.204499573389 0.324796397104 1.939219845488 
2.785150813381 -0.573890108823 -0.655061266767 0.139190550031 0.748862160087 -1.236022408283 1.100184476813 -0.210737782482 0.536340951658 -1.147965058060 0.429328040352 -5.804911396012 -2.038201319944 2.389738158818 0.680504218195 -0.342819049922 -0.180534104167 0.978422887334 
0.269973754151 -0.655061266767 -2.663614897081 0.247101027310 1.016345441744 -0.547519335350 0.749838623074 -0.481321513844 0.568921293717 -3.042139189180 -0.742898102730 -0.260977030392 0.106853435040 0.680504218195 4.837716621361 -0.729106002117 -1.642021585807 0.425756966362 
1.176878714740 -0.139190550031 -0.247101027310 -1.335147673340 -0.978079467514 -0.552158210098 -0.172161308336 -1.382921373948 -2.506967975239 -0.279891086553 -0.424888088640 -2.856153281185 -1.204499573389 -0.342819049922 -0.729106002117 8.332916030184 3.827528191695 0.082511221606 
0.047468316659 0.748862160087 1.016345441744 0.978079467514 -2.614965466341 -0.052717943730 -2.627694523575 0.309806646735 1.158031552773 0.028760165611 -0.577864708837 2.463160128169 0.324796397104 -0.180534104167 -1.642021585807 3.827528191695 39.678447983527 0.148786965540 
1.966910219572 -1.236022408283 -0.547519335350 0.552158210098 -0.052717943730 -17.882046485046 23.113550164776 0.417024992338 0.311816372443 -2.438786123257 0.891542357972 -0.681565539519 1.939219845488 0.978422887334 0.425756966362 0.082511221606 0.148786965540 20.497389590202 
