AG_end5
5.629897292280 1.628339126227 0.618269940373 -0.159937975786 -0.455853844931 -3.500747897603 5.597510268918 -1.876511419425 -1.349549576928 0.240898769147 0.594188629398 -13.554967717468 -5.191923958241 0.563314731041 -0.604535524440 0.858602812796 -0.501593066650 2.583879759859 
1.628339126227 2.349805347997 0.845709376576 0.287836402939 -0.985102126910 0.484867373932 -0.517540144272 1.445188706627 -0.076733617482 1.478532689182 0.249765249927 -3.811776217656 -2.109153053596 -0.166449362652 -1.271066159509 -0.088965834911 0.543674957415 0.347421985206 
0.618269940373 0.845709376576 5.559195054698 1.738013905931 -2.301434658666 1.204990911180 -1.549578752265 0.001345752141 1.117434380272 3.634580351885 -0.250300253428 -1.707205218529 -0.428504644598 -0.458571723368 -2.692897804991 0.061449816422 1.565332643371 -0.742744704229 
-0.159937975786 0.287836402939 1.738013905931 11.716503250243 -6.686099332677 -0.053555167116 -0.208007724584 0.482440950218 1.629377006819 1.068568447521 -0.054118562647 -0.091649660525 0.379123731738 0.019582630192 -0.704838632743 -0.605723901366 0.458816020978 -0.515278698928 
-0.455853844931 -0.985102126910 -2.301434658666 -6.686099332677 51.696531826423 -1.126320799038 0.776247014313 -0.103872090484 -0.701015032164 0.139649380163 1.532060100798 0.973249507448 -0.895265467698 1.248388129419 -0.460776752079 -0.350154221443 -0.956310153684 1.017362820006 
-3.500747897603 0.484867373932 1.204990911180 -0.053555167116 -1.126320799038 14.572704267424 -14.852627966769 0.414232398955 -1.035679444656 2.380267759381 0.881156541213 4.525348233011 2.014411080929 -0.149348789078 -0.823360234892 0.314560512666 0.778956708475 -9.944358113580 
5.597510268918 -0.517540144272 -1.549578752265 -0.208007724584 0.776247014313 -14.852627966769 24.901806883300 0.547245324610 1.589575675693 -4.301122924524 0.534799846692 -11.153452827799 -4.643409684366 2.125113075498 0.941486673990 -1.258841350303 -0.812752050293 14.302885439145 
-1.876511419425 1.445188706627 0.001345752141 0.482440950218 -0.103872090484 0.414232398955 0.547245324610 5.998956275050 1.833297415842 0.246972933063 -0.988774518892 3.619276477918 1.071382329523 -0.373985406482 -0.746896423155 -0.790199101504 1.421056408985 2.194032917170 
-1.349549576928 -0.076733617482 1.117434380272 1.629377006819 -0.701015032164 -1.035679444656 1.589575675693 1.833297415842 8.659594460822 2.007610228483 -1.801636330244 0.462909240143 1.411837175913 0.617661423787 -0.553395535398 -1.628611478312 0.629854592955 0.215892245314 
0.240898769147 1.478532689182 3.634580351885 1.068568447521 0.139649380163 2.380267759381 -4.301122924524 0.246972933063 2.007610228483 5.901636979641 1.366500246251 -1.571516109387 -0.768139970294 -0.427175364965 -3.115059024736 -1.228221986192 1.024837230961 -3.242082398468 
0.594188629398 0.249765249927 -0.250300253428 -0.054118562647 1.532060100798 0.881156541213 0.534799846692 -0.988774518892 -1.801636330244 1.366500246251 5.896120852631 0.005888341425 -1.759407465071 1.260057798661 -1.173424619024 -1.251119694075 -2.287190057769 0.022028762335 
-13.554967717468 -3.811776217656 -1.707205218529 -0.091649660525 0.973249507448 4.525348233011 -11.153452827799 3.619276477918 0.462909240143 -1.571516109387 0.005888341425 47.399401053709 13.606622244005 -0.388009839213 1.476461380900 -1.570937715962 1.428914524212 -1.048673945495 
-5.191923958241 -2.109153053596 -0.428504644598 0.379123731738 -0.895265467698 2.014411080929 -4.643409684366 1.071382329523 1.411837175913 -0.768139970294 -1.759407465071 13.606622244005 6.397006840245 -1.247907648674 0.471447450626 -0.129248064482 1.275969977224 -3.005622282174 
0.563314731041 -0.166449362652 -0.458571723368 0.019582630192 1.248388129419 -0.149348789078 2.125113075498 -0.373985406482 0.617661423787 -0.427175364965 1.260057798661 -0.388009839213 -1.247907648674 2.294739998479 1.216069917369 -0.182096405706 -3.092406848073 2.098390107921 
-0.604535524440 -1.271066159509 -2.692897804991 -0.704838632743 -0.460776752079 -0.823360234892 0.941486673990 -0.746896423155 -0.553395535398 -3.115059024736 -1.173424619024 1.476461380900 0.471447450626 1.216069917369 10.160549544349 3.269429998784 -11.581044378371 3.263052204451 
0.858602812796 -0.088965834911 0.061449816422 -0.605723901366 -0.350154221443 0.314560512666 -1.258841350303 -0.790199101504 -1.628611478312 -1.228221986192 -1.251119694075 -1.570937715962 -0.129248064482 -0.182096405706 3.269429998784 7.544164893455 -7.754984738983 -0.478144859112 
-0.501593066650 0.543674957415 1.565332643371 0.458816020978 -0.956310153684 0.778956708475 -0.812752050293 1.421056408985 0.629854592955 1.024837230961 -2.287190057769 1.428914524212 1.275969977224 -3.092406848073 -11.581044378371 -7.754984738983 57.343007003948 -4.636448493987 
2.583879759859 0.347421985206 -0.742744704229 -0.515278698928 1.017362820006 -9.944358113580 14.302885439145 2.194032917170 0.215892245314 -3.242082398468 0.022028762335 -1.048673945495 -3.005622282174 2.098390107921 3.263052204451 -0.478144859112 -4.636448493987 15.725254340670 
