AM
11.217142949718 2.115381729802 -0.256763964414 -1.778942589276 -0.345727639074 -2.668010946307 2.474621631268 -3.191575416105 -3.226860811980 -1.403728172511 2.697804233924 -27.670570688470 -9.706911807358 3.516077322523 0.689440572171 1.815023265194 -0.696026135909 2.542302199160 
2.115381729802 2.646409386749 0.509833732502 -0.007873547307 -0.249169854421 1.266065056713 -1.291968532159 0.033451075464 -0.180559933762 1.265598526627 1.217636500708 -4.734750137858 -2.921989195133 -1.042785131950 -0.694722077347 0.201942946397 0.468848016359 -1.374669145140 
-0.256763964414 0.509833732502 5.122638726144 0.820962570309 -1.751461056539 0.641013551998 -0.447326770283 -0.099765612864 0.311649923730 3.985892044277 -0.450422643942 0.356829052907 -0.296514524885 -0.640423436028 -3.604020502164 0.241028882677 1.395988629767 -0.755729549293 
-1.778942589276 -0.007873547307 0.820962570309 9.131723498067 -3.678353520285 0.016157479891 -0.045066825170 2.158687155527 4.795441689163 -1.298628301854 -0.648656072957 5.313121155775 2.063908197410 -0.060225871831 -0.172063461169 -1.249210374151 1.293171831554 0.798877817128 
-0.345727639074 -0.249169854421 -1.751461056539 -3.678353520285 38.685636115482 -0.536622536829 2.867216049909 0.813223879569 1.918226834911 -1.006577677373 -1.458879603092 1.786297411104 0.161528231604 0.790995051514 1.543147355243 -0.850877036995 -2.631446953137 0.347879556861 
-2.668010946307 1.266065056713 0.641013551998 0.016157479891 -0.536622536829 21.205025087289 -24.933480054016 2.093459669274 0.531760574015 4.238337496625 -0.883835760825 0.455476734467 -2.664609052335 -2.649461291814 -0.960843573979 -0.446688012130 0.646282194664 -20.102297116242 
2.474621631268 -1.291968532159 -0.447326770283 -0.045066825170 2.867216049909 -24.933480054016 39.834274463623 -0.905414694626 -0.483681114019 -4.792695442090 1.376587821945 0.105056041031 2.408686683444 2.729472534948 1.047047568852 0.180932360407 -3.315826364554 25.366389823246 
-3.191575416105 0.033451075464 -0.099765612864 2.158687155527 0.813223879569 2.093459669274 -0.905414694626 9.248371033885 3.982940128956 0.162527800529 -1.079955312207 9.576329789117 2.484269847857 -0.577377572334 -0.180537754119 -1.949645403172 0.358421286380 -0.690320954119 
-3.226860811980 -0.180559933762 0.311649923730 4.795441689163 1.918226834911 0.531760574015 -0.483681114019 3.982940128956 15.994937191094 -0.730839438938 -4.825093632380 6.021101976677 3.388642200404 0.208368823434 -0.140588819393 -4.689317150164 2.599858011270 -0.151069151418 
-1.403728172511 1.265598526627 3.985892044277 -1.298628301854 -1.006577677373 4.238337496625 -4.792695442090 0.162527800529 -0.730839438938 6.519968527535 -0.835535683321 1.796248784514 -0.819315132069 -1.880570497663 -4.225921027458 0.987922627917 0.873751549259 -5.153170693289 
2.697804233924 1.217636500708 -0.450422643942 -0.648656072957 -1.458879603092 -0.883835760825 1.376587821945 -1.079955312207 -4.825093632380 -0.835535683321 8.454029195133 -0.876782355434 -2.346016063122 0.450071096085 -0.629521907829 0.895893766938 -1.129835106233 1.352930534639 
-27.670570688470 -4.734750137858 0.356829052907 5.313121155775 1.786297411104 0.455476734467 0.105056041031 9.576329789117 6.021101976677 1.796248784514 -0.876782355434 88.536668969254 26.507019273159 -6.923324747128 -1.208320108026 -5.498981032825 3.316486043611 0.083116794816 
-9.706911807358 -2.921989195133 -0.296514524885 2.063908197410 0.161528231604 -2.664609052335 2.408686683444 2.484269847857 3.388642200404 -0.819315132069 -2.346016063122 26.507019273159 10.844684606125 -1.462287630226 -0.367077962006 -1.184602858941 2.049022652349 3.249997226889 
3.516077322523 -1.042785131950 -0.640423436028 -0.060225871831 0.790995051514 -2.649461291814 2.729472534948 -0.577377572334 0.208368823434 -1.880570497663 0.450071096085 -6.923324747128 -1.462287630226 3.180962648983 1.043919797076 0.259697212167 -1.036225740931 2.901892676436 
0.689440572171 -0.694722077347 -3.604020502164 -0.172063461169 1.543147355243 -0.960843573979 1.047047568852 -0.180537754119 -0.140588819393 -4.225921027458 -0.629521907829 -1.208320108026 -0.367077962006 1.043919797076 13.108862167353 -3.936942352819 -14.761287180819 0.929152667517 
1.815023265194 0.201942946397 0.241028882677 -1.249210374151 -0.850877036995 -0.446688012130 0.180932360407 -1.949645403172 -4.689317150164 0.987922627917 0.895893766938 -5.498981032825 -1.184602858941 0.259697212167 -3.936942352819 7.786445341401 8.053534808206 0.699848102599 
-0.696026135909 0.468848016359 1.395988629767 1.293171831554 -2.631446953137 0.646282194664 -3.315826364554 0.358421286380 2.599858011270 0.873751549259 -1.129835106233 3.316486043611 2.049022652349 -1.036225740931 -14.761287180819 8.053534808206 53.621822921973 -1.684462144723 
2.542302199160 -1.374669145140 -0.755729549293 0.798877817128 0.347879556861 -20.102297116242 25.366389823246 -0.690320954119 -0.151069151418 -5.153170693289 1.352930534639 0.083116794816 3.249997226889 2.901892676436 0.929152667517 0.699848102599 -1.684462144723 22.740912673234 
