IH
11.704010825275 1.304412050076 0.364029221489 -0.762995866320 -2.053849985106 -3.875955420237 2.952166622695 -3.809033437391 -3.479580421761 -1.284277037819 2.244964388350 -28.528076090562 -9.969909400346 2.863102159441 0.750944846839 1.611482271443 -0.453437953821 2.719296343606 
1.304412050076 3.168485164741 0.245027135676 -0.038240388408 0.025311265154 2.534073797858 -2.979047314679 -0.457893816993 0.483836779392 1.258071339999 0.542962921615 -5.126793708924 -2.863102159441 -1.401130782214 -0.809127831537 -0.089095117129 1.097675133397 -2.887507875357 
0.364029221489 0.245027135676 13.180846818862 3.259136860803 -11.933706541198 -0.051130904195 -1.768202630837 -0.570626265662 -0.460281612776 4.504741061270 -0.094358003322 -0.846440789912 -0.750944846839 -0.809127831537 -4.483015137405 0.561720332007 2.134054024263 -1.282887250972 
-0.762995866320 -0.038240388408 3.259136860803 7.990050322404 -7.423745819151 -0.662102289938 -0.389338914510 1.334484930275 4.990996559438 0.062313660750 0.716882646231 3.906886608831 1.611482271443 0.089095117129 -0.561720332007 -2.270557221266 2.064285922643 0.641468660830 
-2.053849985106 0.025311265154 -11.933706541198 -7.423745819151 53.068370424925 2.420467742763 3.697200598156 0.821152219148 2.677639734318 -0.009749834175 -0.723287715142 2.498210545166 0.453437953821 1.097675133397 2.134054024263 -2.064285922643 -4.222274767831 1.071833240927 
-3.875955420237 2.534073797858 -0.051130904195 -0.662102289938 2.420467742763 25.227990577109 -27.251954194323 0.813882300934 0.775141232565 4.326688203523 -0.337308081292 0.521905640160 -2.719296343606 -2.887507875357 -1.282887250972 -0.641468660830 1.071833240927 -22.191183037846 
2.952166622695 -2.979047314679 -1.768202630837 -0.389338914510 3.697200598156 -27.251954194323 41.443395840955 0.000000000000 -0.000000000000 -4.365825848681 -0.000000000000 0.000000000000 2.952166622695 2.979047314679 1.768202630837 -0.389338914510 -3.697200598156 27.251954194323 
-3.809033437391 -0.457893816993 -0.570626265662 1.334484930275 0.821152219148 0.813882300934 0.000000000000 10.447552663901 3.901608437338 0.000000000000 -1.632965065663 12.513281274614 3.809033437391 -0.457893816993 -0.570626265662 -1.334484930275 0.821152219148 0.813882300934 
-3.479580421761 0.483836779392 -0.460281612776 4.990996559438 2.677639734318 0.775141232565 -0.000000000000 3.901608437338 16.166320897767 -0.000000000000 -2.933378052709 5.601374516020 3.479580421761 0.483836779392 -0.460281612776 -4.990996559438 2.677639734318 0.775141232565 
-1.284277037819 1.258071339999 4.504741061270 0.062313660750 -0.009749834175 4.326688203523 -4.365825848681 0.000000000000 -0.000000000000 6.767057319035 0.000000000000 -0.000000000000 -1.284277037819 -1.258071339999 -4.504741061270 0.062313660750 0.009749834175 -4.326688203523 
2.244964388350 0.542962921615 -0.094358003322 0.716882646231 -0.723287715142 -0.337308081292 -0.000000000000 -1.632965065663 -2.933378052709 0.000000000000 7.971648374820 0.176921479489 -2.244964388350 0.542962921615 -0.094358003322 -0.716882646231 -0.723287715142 -0.337308081292 
-28.528076090562 -5.126793708924 -0.846440789912 3.906886608831 2.498210545166 0.521905640160 0.000000000000 12.513281274614 5.601374516020 -0.000000000000 0.176921479489 97.083159657969 28.528076090562 -5.126793708924 -0.846440789912 -3.906886608831 2.498210545166 0.521905640160 
-9.969909400346 -2.863102159441 -0.750944846839 1.611482271443 0.453437953821 -2.719296343606 2.952166622695 3.809033437391 3.479580421761 -1.284277037819 -2.244964388350 28.528076090562 11.704010825275 -1.304412050076 -0.364029221489 -0.762995866320 2.053849985106 3.875955420237 
2.863102159441 -1.401130782214 -0.809127831537 0.089095117129 1.097675133397 -2.887507875357 2.979047314679 -0.457893816993 0.483836779392 -1.258071339999 0.542962921615 -5.126793708924 -1.304412050076 3.168485164741 0.245027135676 0.038240388408 0.025311265154 2.534073797858 
0.750944846839 -0.809127831537 -4.483015137405 -0.561720332007 2.134054024263 -1.282887250972 1.768202630837 -0.570626265662 -0.460281612776 -4.504741061270 -0.094358003322 -0.846440789912 -0.364029221489 0.245027135676 13.180846818862 -3.259136860803 -11.933706541198 -0.051130904195 
1.611482271443 -0.089095117129 0.561720332007 -2.270557221266 -2.064285922643 -0.641468660830 -0.389338914510 -1.334484930275 -4.990996559438 0.062313660750 -0.716882646231 -3.906886608831 -0.762995866320 0.038240388408 -3.259136860803 7.990050322404 7.423745819151 0.662102289938 
-0.453437953821 1.097675133397 2.134054024263 2.064285922643 -4.222274767831 1.071833240927 -3.697200598156 0.821152219148 2.677639734318 0.009749834175 -0.723287715142 2.498210545166 2.053849985106 0.025311265154 -11.933706541198 7.423745819151 53.068370424925 2.420467742763 
2.719296343606 -2.887507875357 -1.282887250972 0.641468660830 1.071833240927 -22.191183037846 27.251954194323 0.813882300934 0.775141232565 -4.326688203523 -0.337308081292 0.521905640160 3.875955420237 2.534073797858 -0.051130904195 0.662102289938 2.420467742763 25.227990577109 
