TC_end3
7.311146424309 0.608293715590 0.352982759251 -1.223582275245 -1.142618411820 0.597727548639 -2.250307026391 -2.957400074116 -2.787018569017 -0.065622775804 2.329033218302 -18.786978975362 -6.375882007498 2.398923351525 -0.653422611070 1.702722077492 0.329055993739 -0.145070358962 
0.608293715590 1.642448399776 0.476081515622 0.220671352466 -0.895198995154 1.015308665687 -1.826273658174 -0.160198235892 -0.181573243105 0.739430936223 0.500732447550 -0.296073781299 -1.023313763680 -0.648992305529 -0.615565795817 0.161025498949 0.637901033228 -1.058013673046 
0.352982759251 0.476081515622 3.837262891223 -0.863016892324 -0.187616278876 0.837144210233 -1.384635954344 -0.348203287052 0.021352594432 2.363393148596 0.165718800470 -0.410811181394 -0.298807893395 -0.500413214770 -1.930003149081 -0.019913840913 0.343894008569 -0.681187313858 
-1.223582275245 0.220671352466 -0.863016892324 8.522184540420 4.049522452091 0.750084975909 -0.336470738264 1.087567008565 2.627861727831 1.145440007049 -0.264782955835 3.907132779784 1.616394940584 -0.410705486366 -0.279193288051 -1.353620573547 0.764806616685 -0.694728154175 
-1.142618411820 -0.895198995154 -0.187616278876 4.049522452091 35.126273758317 -1.669678301506 2.849681224276 0.712796963907 2.018170584730 -0.346584953251 -1.626496907937 2.953978365303 1.431895880563 0.631955545382 0.625205565617 -0.778278037481 -1.265559627921 2.166970380403 
0.597727548639 1.015308665687 0.837144210233 0.750084975909 -1.669678301506 14.102166252458 -15.051746870075 3.447412921772 0.061446098157 3.382202891601 0.501548793477 3.283417704591 -1.448404707262 -2.278911591341 -1.371670283187 -0.101444086852 1.178271029512 -11.923846625192 
-2.250307026391 -1.826273658174 -1.384635954344 -0.336470738264 2.849681224276 -15.051746870075 23.669298854081 -1.778536152653 1.422419843012 -5.192499276815 -2.531447084513 4.921374811425 3.285514601215 2.410513723668 2.231228624996 -0.495115495741 -0.812648606619 14.698096866943 
-2.957400074116 -0.160198235892 -0.348203287052 1.087567008565 0.712796963907 3.447412921772 -1.778536152653 6.093131715301 3.034179626299 0.402608803548 -1.648565344111 8.647774010976 2.766359954948 -1.194045789056 0.179506632593 -1.238140660529 0.211068651103 -2.469274145951 
-2.787018569017 -0.181573243105 0.021352594432 2.627861727831 2.018170584730 0.061446098157 1.422419843012 3.034179626299 8.442658672865 0.825743062454 -2.940620781503 5.131614704998 3.208499373647 0.091795498083 -0.098941327767 -2.738474714097 0.547434661497 0.567403070087 
-0.065622775804 0.739430936223 2.363393148596 1.145440007049 -0.346584953251 3.382202891601 -5.192499276815 0.402608803548 0.825743062454 4.945323662413 -0.586720829597 0.439514703834 -0.214859208933 -1.189072625554 -2.743526164097 -0.332456373739 0.552265862698 -3.512559664028 
2.329033218302 0.500732447550 0.165718800470 -0.264782955835 -1.626496907937 0.501548793477 -2.531447084513 -1.648565344111 -2.940620781503 -0.586720829597 3.908096854906 -3.372724622851 -1.981296373601 0.117958812230 -0.947525421543 1.348980596537 1.257773535752 -0.782671638955 
-18.786978975362 -0.296073781299 -0.410811181394 3.907132779784 2.953978365303 3.283417704591 4.921374811425 8.647774010976 5.131614704998 0.439514703834 -3.372724622851 62.488770913283 16.699423190938 -7.225354326936 0.719621859931 -4.091696878185 1.756182870415 -3.074234770700 
-6.375882007498 -1.023313763680 -0.298807893395 1.616394940584 1.431895880563 -1.448404707262 3.285514601215 2.766359954948 3.208499373647 -0.214859208933 -1.981296373601 16.699423190938 7.025121403194 -1.238196757643 0.156965050700 -1.499101107767 2.100668995832 2.561338978634 
2.398923351525 -0.648992305529 -0.500413214770 -0.410705486366 0.631955545382 -2.278911591341 2.410513723668 -1.194045789056 0.091795498083 -1.189072625554 0.117958812230 -7.225354326936 -1.238196757643 2.684066162477 0.547771014125 -0.245277097406 -0.094100711102 2.689906665591 
-0.653422611070 -0.615565795817 -1.930003149081 -0.279193288051 0.625205565617 -1.371670283187 2.231228624996 0.179506632593 -0.098941327767 -2.743526164097 -0.947525421543 0.719621859931 0.156965050700 0.547771014125 15.488480232057 -5.890989816567 -17.601067266875 0.712547215386 
1.702722077492 0.161025498949 -0.019913840913 -1.353620573547 -0.778278037481 -0.101444086852 -0.495115495741 -1.238140660529 -2.738474714097 -0.332456373739 1.348980596537 -4.091696878185 -1.499101107767 -0.245277097406 -5.890989816567 11.782348133741 14.424549873112 -0.363910555907 
0.329055993739 0.637901033228 0.343894008569 0.764806616685 -1.265559627921 1.178271029512 -0.812648606619 0.211068651103 0.547434661497 0.552265862698 1.257773535752 1.756182870415 2.100668995832 -0.094100711102 -17.601067266875 14.424549873112 89.117830582871 0.064337636447 
-0.145070358962 -1.058013673046 -0.681187313858 -0.694728154175 2.166970380403 -11.923846625192 14.698096866943 -2.469274145951 0.567403070087 -3.512559664028 -0.782671638955 -3.074234770700 2.561338978634 2.689906665591 0.712547215386 -0.363910555907 0.064337636447 16.712023897310 
