TA
5.661090320387 0.642141605088 -0.020225802733 -1.131615191235 -0.948210792003 0.650023136378 -0.433850049375 -1.859997659416 -3.320686065762 0.047871063233 2.461000582456 -14.202335409662 -5.218945824053 0.913391619420 -0.060031957157 1.258692439643 -0.234868190455 -0.164666486096 
0.642141605088 1.584487689968 0.866438584972 0.233536042054 0.206508879611 1.261024255602 -1.542261853665 0.110543084794 -0.299296910019 0.941595343102 0.451740982038 -0.410647444015 -0.913391619420 0.007004481080 -0.858817983549 0.385211203941 0.426011435047 0.008581586369 
-0.020225802733 0.866438584972 4.607795060267 -0.758208035790 -2.362933908502 0.472476477563 -2.815902650098 -0.528062089318 0.387910418662 2.174345729462 -0.480128948796 -0.262101367267 0.060031957157 -0.858817983549 -1.989457205873 0.203355801779 1.252527278418 -1.600274223550 
-1.131615191235 0.233536042054 -0.758208035790 7.611157552375 3.189021332071 0.522779541001 -1.386637467434 0.417157220559 1.288645155549 0.389850799241 -0.393174259362 2.396316825732 1.258692439643 -0.385211203941 -0.203355801779 0.038492069148 0.659762394388 -1.118903407473 
-0.948210792003 0.206508879611 -2.362933908502 3.189021332071 35.544326517681 0.226031162433 2.350674992086 0.399641870702 0.096391416958 -1.313822541130 -0.137838791427 3.305705690042 0.234868190455 0.426011435047 1.252527278418 -0.659762394388 -1.419698559588 2.258482549623 
0.650023136378 1.261024255602 0.472476477563 0.522779541001 0.226031162433 14.910532627501 -13.257132935967 1.654722538383 -1.019829014192 3.704291782136 2.181033527662 4.763899049809 0.164666486096 0.008581586369 -1.600274223550 1.118903407473 2.258482549623 -7.040229370527 
-0.433850049375 -1.542261853665 -2.815902650098 -1.386637467434 2.350674992086 -13.257132935967 20.216560864973 0.000000000000 0.000000000000 -5.734236520736 0.000000000000 0.000000000000 -0.433850049375 1.542261853665 2.815902650098 -1.386637467434 -2.350674992086 13.257132935967 
-1.859997659416 0.110543084794 -0.528062089318 0.417157220559 0.399641870702 1.654722538383 0.000000000000 4.949297852330 3.023602012240 -0.000000000000 0.329098478246 4.636914332999 1.859997659416 0.110543084794 -0.528062089318 -0.417157220559 0.399641870702 1.654722538383 
-3.320686065762 -0.299296910019 0.387910418662 1.288645155549 0.096391416958 -1.019829014192 0.000000000000 3.023602012240 7.045709650158 0.000000000000 -3.694635665887 3.150017630038 3.320686065762 -0.299296910019 0.387910418662 -1.288645155549 0.096391416958 -1.019829014192 
0.047871063233 0.941595343102 2.174345729462 0.389850799241 -1.313822541130 3.704291782136 -5.734236520736 -0.000000000000 0.000000000000 2.777789680721 0.000000000000 0.000000000000 0.047871063233 -0.941595343102 -2.174345729462 0.389850799241 1.313822541130 -3.704291782136 
2.461000582456 0.451740982038 -0.480128948796 -0.393174259362 -0.137838791427 2.181033527662 0.000000000000 0.329098478246 -3.694635665887 0.000000000000 5.680533494477 -2.198458978866 -2.461000582456 0.451740982038 -0.480128948796 0.393174259362 -0.137838791427 2.181033527662 
-14.202335409662 -0.410647444015 -0.262101367267 2.396316825732 3.305705690042 4.763899049809 0.000000000000 4.636914332999 3.150017630038 0.000000000000 -2.198458978866 55.231547111803 14.202335409662 -0.410647444015 -0.262101367267 -2.396316825732 3.305705690042 4.763899049809 
-5.218945824053 -0.913391619420 0.060031957157 1.258692439643 0.234868190455 0.164666486096 -0.433850049375 1.859997659416 3.320686065762 0.047871063233 -2.461000582456 14.202335409662 5.661090320387 -0.642141605088 0.020225802733 -1.131615191235 0.948210792003 -0.650023136378 
0.913391619420 0.007004481080 -0.858817983549 -0.385211203941 0.426011435047 0.008581586369 1.542261853665 0.110543084794 -0.299296910019 -0.941595343102 0.451740982038 -0.410647444015 -0.642141605088 1.584487689968 0.866438584972 -0.233536042054 0.206508879611 1.261024255602 
-0.060031957157 -0.858817983549 -1.989457205873 -0.203355801779 1.252527278418 -1.600274223550 2.815902650098 -0.528062089318 0.387910418662 -2.174345729462 -0.480128948796 -0.262101367267 0.020225802733 0.866438584972 4.607795060267 0.758208035790 -2.362933908502 0.472476477563 
1.258692439643 0.385211203941 0.203355801779 0.038492069148 -0.659762394388 1.118903407473 -1.386637467434 -0.417157220559 -1.288645155549 0.389850799241 0.393174259362 -2.396316825732 -1.131615191235 -0.233536042054 0.758208035790 7.611157552375 -3.189021332071 -0.522779541001 
-0.234868190455 0.426011435047 1.252527278418 0.659762394388 -1.419698559588 2.258482549623 -2.350674992086 0.399641870702 0.096391416958 1.313822541130 -0.137838791427 3.305705690042 0.948210792003 0.206508879611 -2.362933908502 -3.189021332071 35.544326517681 0.226031162433 
-0.164666486096 0.008581586369 -1.600274223550 -1.118903407473 2.258482549623 -7.040229370527 13.257132935967 1.654722538383 -1.019829014192 -3.704291782136 2.181033527662 4.763899049809 -0.650023136378 1.261024255602 0.472476477563 -0.522779541001 0.226031162433 14.910532627501 
