HI
7.432124298001 0.994642507685 -0.150654957619 -1.735076768565 -1.996425609312 1.479628557275 -0.675974691007 -3.093397638042 -3.870979633547 0.020392772789 4.539404391492 -17.352917691979 -6.784181326013 1.046578331680 -0.799325954620 1.601214394984 -0.314087587355 -0.547985810745 
0.994642507685 2.434622392722 1.724797150374 -0.040265831256 -2.095794520808 2.421458496716 -2.812491304159 0.905632187268 0.256108054172 0.444004886649 1.086069264143 0.152610687216 -1.046578331680 -0.057945293560 -1.407103128754 -0.364754033267 1.008737617791 0.568718555595 
-0.150654957619 1.724797150374 11.573645233164 -2.297078073767 -12.855128540222 3.097209453518 -3.943570204912 -0.216000015930 1.082117842447 3.506296091529 -0.954270623492 1.229671548318 0.799325954620 -1.407103128754 -3.312656188838 -0.165000058197 2.395530469580 -1.828794249007 
-1.735076768565 -0.040265831256 -2.297078073767 7.174670361584 6.108710610307 1.446360928031 -2.789797892239 0.684708064433 1.715130075570 -0.202849919505 -0.090162268272 4.362220675671 1.601214394984 0.364754033267 0.165000058197 -0.901239540735 1.237026937326 -1.711084965042 
-1.996425609312 -2.095794520808 -12.855128540222 6.108710610307 60.957169073307 -4.097842190221 5.729498073999 1.006731045040 0.819025276004 -2.039746847755 -0.136013292133 3.338298415963 0.314087587355 1.008737617791 2.395530469580 -1.237026937326 -3.189555240601 4.361034155251 
1.479628557275 2.421458496716 3.097209453518 1.446360928031 -4.097842190221 18.320805596339 -16.031579794298 2.653676826336 -1.394348234769 3.520912547270 1.373707035551 6.527838086317 0.547985810745 0.568718555595 -1.828794249007 1.711084965042 4.361034155251 -7.707670078024 
-0.675974691007 -2.812491304159 -3.943570204912 -2.789797892239 5.729498073999 -16.031579794298 27.680633118282 0.000000000000 0.000000000000 -6.072819890392 0.000000000000 0.000000000000 -0.675974691007 2.812491304159 3.943570204912 -2.789797892239 -5.729498073999 16.031579794298 
-3.093397638042 0.905632187268 -0.216000015930 0.684708064433 1.006731045040 2.653676826336 0.000000000000 7.992597185124 3.204713249794 0.000000000000 -1.462964448263 7.693427589463 3.093397638042 0.905632187268 -0.216000015930 -0.684708064433 1.006731045040 2.653676826336 
-3.870979633547 0.256108054172 1.082117842447 1.715130075570 0.819025276004 -1.394348234769 0.000000000000 3.204713249794 7.735123967640 -0.000000000000 -3.636419663593 4.153236127865 3.870979633547 0.256108054172 1.082117842447 -1.715130075570 0.819025276004 -1.394348234769 
0.020392772789 0.444004886649 3.506296091529 -0.202849919505 -2.039746847755 3.520912547270 -6.072819890392 0.000000000000 -0.000000000000 5.591676903055 0.000000000000 -0.000000000000 0.020392772789 -0.444004886649 -3.506296091529 -0.202849919505 2.039746847755 -3.520912547270 
4.539404391492 1.086069264143 -0.954270623492 -0.090162268272 -0.136013292133 1.373707035551 0.000000000000 -1.462964448263 -3.636419663593 0.000000000000 7.993431790885 -8.264578467322 -4.539404391492 1.086069264143 -0.954270623492 0.090162268272 -0.136013292133 1.373707035551 
-17.352917691979 0.152610687216 1.229671548318 4.362220675671 3.338298415963 6.527838086317 0.000000000000 7.693427589463 4.153236127865 -0.000000000000 -8.264578467322 66.023936209020 17.352917691979 0.152610687216 1.229671548318 -4.362220675671 3.338298415963 6.527838086317 
-6.784181326013 -1.046578331680 0.799325954620 1.601214394984 0.314087587355 0.547985810745 -0.675974691007 3.093397638042 3.870979633547 0.020392772789 -4.539404391492 17.352917691979 7.432124298001 -0.994642507685 0.150654957619 -1.735076768565 1.996425609312 -1.479628557275 
1.046578331680 -0.057945293560 -1.407103128754 0.364754033267 1.008737617791 0.568718555595 2.812491304159 0.905632187268 0.256108054172 -0.444004886649 1.086069264143 0.152610687216 -0.994642507685 2.434622392722 1.724797150374 0.040265831256 -2.095794520808 2.421458496716 
-0.799325954620 -1.407103128754 -3.312656188838 0.165000058197 2.395530469580 -1.828794249007 3.943570204912 -0.216000015930 1.082117842447 -3.506296091529 -0.954270623492 1.229671548318 0.150654957619 1.724797150374 11.573645233164 2.297078073767 -12.855128540222 3.097209453518 
1.601214394984 -0.364754033267 -0.165000058197 -0.901239540735 -1.237026937326 1.711084965042 -2.789797892239 -0.684708064433 -1.715130075570 -0.202849919505 0.090162268272 -4.362220675671 -1.735076768565 0.040265831256 2.297078073767 7.174670361584 -6.108710610307 -1.446360928031 
-0.314087587355 1.008737617791 2.395530469580 1.237026937326 -3.189555240601 4.361034155251 -5.729498073999 1.006731045040 0.819025276004 2.039746847755 -0.136013292133 3.338298415963 1.996425609312 -2.095794520808 -12.855128540222 -6.108710610307 60.957169073307 -4.097842190221 
-0.547985810745 0.568718555595 -1.828794249007 -1.711084965042 4.361034155251 -7.707670078024 16.031579794298 2.653676826336 -1.394348234769 -3.520912547270 1.373707035551 6.527838086317 -1.479628557275 2.421458496716 3.097209453518 -1.446360928031 -4.097842190221 18.320805596339 
