MN
7.528115104839 0.853073235340 -0.291420933658 -1.637164914102 -1.780387389565 1.567021623277 -0.631650719019 -3.005035767701 -3.684961542425 -0.097798873168 4.368460365923 -16.808126633121 -6.605728710706 0.983112840075 -0.809424904362 1.376554754074 -0.231120212832 -0.478012040617 
0.853073235340 2.459356135575 1.722810013563 0.007670683809 -2.130600097308 2.348307697500 -2.940499240586 0.944764590207 0.320069509942 0.600787007012 1.048445013857 0.185527985046 -0.983112840075 -0.102376672833 -1.455783097142 -0.370656787780 1.072231565517 0.438277870432 
-0.291420933658 1.722810013563 11.512705321937 -2.278424110754 -13.039790597576 3.151461545547 -4.014032211518 -0.240736952013 1.145554774097 3.467198591655 -1.084971544012 1.279223868619 0.809424904362 -1.455783097142 -3.183366050454 -0.204339384567 2.222041367364 -1.928334076955 
-1.637164914102 0.007670683809 -2.278424110754 6.926962574844 5.840294524878 1.403562334787 -2.666173598324 0.726038329233 1.551951585396 -0.341952980937 0.180153003295 3.829673038244 1.376554754074 0.370656787780 0.204339384567 -0.701854503793 1.142743788301 -1.661812401587 
-1.780387389565 -2.130600097308 -13.039790597576 5.840294524878 60.107141627411 -4.149614596863 5.548292038769 0.952511380903 0.739348614707 -1.741230068116 0.150511825223 3.093720616029 0.231120212832 1.072231565517 2.222041367364 -1.142743788301 -3.006138701398 4.293608442261 
1.567021623277 2.348307697500 3.151461545547 1.403562334787 -4.149614596863 18.088757985670 -15.761209336438 2.483158887925 -1.456472976244 3.225025206835 1.311381425753 6.297287917425 0.478012040617 0.438277870432 -1.928334076955 1.661812401587 4.293608442261 -7.618827325075 
-0.631650719019 -2.940499240586 -4.014032211518 -2.666173598324 5.548292038769 -15.761209336438 27.268939336784 0.000000000000 0.000000000000 -5.533269897694 0.000000000000 0.000000000000 -0.631650719019 2.940499240586 4.014032211518 -2.666173598324 -5.548292038769 15.761209336438 
-3.005035767701 0.944764590207 -0.240736952013 0.726038329233 0.952511380903 2.483158887925 0.000000000000 7.582205324074 3.127701301250 0.000000000000 -1.330810615299 7.496859592400 3.005035767701 0.944764590207 -0.240736952013 -0.726038329233 0.952511380903 2.483158887925 
-3.684961542425 0.320069509942 1.145554774097 1.551951585396 0.739348614707 -1.456472976244 0.000000000000 3.127701301250 7.592192499618 -0.000000000000 -3.361506392687 3.812625859368 3.684961542425 0.320069509942 1.145554774097 -1.551951585396 0.739348614707 -1.456472976244 
-0.097798873168 0.600787007012 3.467198591655 -0.341952980937 -1.741230068116 3.225025206835 -5.533269897694 0.000000000000 -0.000000000000 4.780794066722 0.000000000000 -0.000000000000 -0.097798873168 -0.600787007012 -3.467198591655 -0.341952980937 1.741230068116 -3.225025206835 
4.368460365923 1.048445013857 -1.084971544012 0.180153003295 0.150511825223 1.311381425753 0.000000000000 -1.330810615299 -3.361506392687 0.000000000000 7.796468731582 -7.950348304719 -4.368460365923 1.048445013857 -1.084971544012 -0.180153003295 0.150511825223 1.311381425753 
-16.808126633121 0.185527985046 1.279223868619 3.829673038244 3.093720616029 6.297287917425 0.000000000000 7.496859592400 3.812625859368 -0.000000000000 -7.950348304719 63.807308068696 16.808126633121 0.185527985046 1.279223868619 -3.829673038244 3.093720616029 6.297287917425 
-6.605728710706 -0.983112840075 0.809424904362 1.376554754074 0.231120212832 0.478012040617 -0.631650719019 3.005035767701 3.684961542425 -0.097798873168 -4.368460365923 16.808126633121 7.528115104839 -0.853073235340 0.291420933658 -1.637164914102 1.780387389565 -1.567021623277 
0.983112840075 -0.102376672833 -1.455783097142 0.370656787780 1.072231565517 0.438277870432 2.940499240586 0.944764590207 0.320069509942 -0.600787007012 1.048445013857 0.185527985046 -0.853073235340 2.459356135575 1.722810013563 -0.007670683809 -2.130600097308 2.348307697500 
-0.809424904362 -1.455783097142 -3.183366050454 0.204339384567 2.222041367364 -1.928334076955 4.014032211518 -0.240736952013 1.145554774097 -3.467198591655 -1.084971544012 1.279223868619 0.291420933658 1.722810013563 11.512705321937 2.278424110754 -13.039790597576 3.151461545547 
1.376554754074 -0.370656787780 -0.204339384567 -0.701854503793 -1.142743788301 1.661812401587 -2.666173598324 -0.726038329233 -1.551951585396 -0.341952980937 -0.180153003295 -3.829673038244 -1.637164914102 -0.007670683809 2.278424110754 6.926962574844 -5.840294524878 -1.403562334787 
-0.231120212832 1.072231565517 2.222041367364 1.142743788301 -3.006138701398 4.293608442261 -5.548292038769 0.952511380903 0.739348614707 1.741230068116 0.150511825223 3.093720616029 1.780387389565 -2.130600097308 -13.039790597576 -5.840294524878 60.107141627411 -4.149614596863 
-0.478012040617 0.438277870432 -1.928334076955 -1.661812401587 4.293608442261 -7.618827325075 15.761209336438 2.483158887925 -1.456472976244 -3.225025206835 1.311381425753 6.297287917425 -1.567021623277 2.348307697500 3.151461545547 -1.403562334787 -4.149614596863 18.088757985670 
