AC
9.657719651391 2.138033132659 0.460259069045 -1.373416742346 -1.829713688534 -2.170546805195 2.422190948058 -2.918702213546 -3.063627213700 0.412051057135 2.181691931164 -24.326654781358 -8.505774705993 2.369112027119 -0.255158081500 1.772779982419 0.179919559055 2.160731957629 
2.138033132659 2.357514901643 0.952492698765 0.126795413558 -0.300055732186 1.143623997560 -0.978858910838 0.292306616608 0.185834492339 1.627906293718 0.281604589549 -5.335309007442 -2.951802118514 -0.614657816557 -0.872091829087 0.181937169479 0.687422397590 -1.437094244186 
0.460259069045 0.952492698765 4.758653011094 0.837591121220 -0.485878942314 0.665021081060 -1.374649220833 -0.007816953391 1.131465886974 2.780482947482 0.191553409866 -0.794494913792 -0.752511665714 -0.379493696782 -2.465259370738 -0.389833240162 1.449403444622 -0.640464583450 
-1.373416742346 0.126795413558 0.837591121220 8.133826272132 -3.847920508660 -0.351447369775 0.611367299854 1.612527558510 2.204610220393 -0.331243507136 -0.230481681272 3.444672020420 1.541753364773 -0.245300240956 -0.312630793965 -0.482803294958 0.866636516194 1.133578862960 
-1.829713688534 -0.300055732186 -0.485878942314 -3.847920508660 41.968439059870 -0.689542109463 3.080140256169 0.495338652247 1.728128314445 -1.011742109284 -1.259429508722 3.639325366846 0.572989609775 0.241674804513 1.105511167771 -0.891637935848 -2.352462077335 0.460469155211 
-2.170546805195 1.143623997560 0.665021081060 -0.351447369775 -0.689542109463 19.188778947961 -21.627771727864 1.051207243632 -0.322278606367 3.116674494968 0.910217774032 0.269933701575 -1.455161136012 -2.710779636858 -1.009894583020 0.317104708363 0.584771884828 -17.232055201558 
2.422190948058 -0.978858910838 -1.374649220833 0.611367299854 3.080140256169 -21.627771727864 33.745395584138 0.610494151502 2.116207745229 -4.647612741458 -1.147028991503 -1.915394742904 0.446428740850 3.074709454058 1.625392420246 -1.008235142878 -3.180242207808 21.349441515198 
-2.918702213546 0.292306616608 -0.007816953391 1.612527558510 0.495338652247 1.051207243632 0.610494151502 6.955107688848 3.272525734349 0.351707117814 -0.195648033171 8.583483880261 2.340502253918 -1.203735205947 -0.902267119913 -1.479711534978 0.674397561197 0.189634745997 
-3.063627213700 0.185834492339 1.131465886974 2.204610220393 1.728128314445 -0.322278606367 2.116207745229 3.272525734349 9.342508268367 0.937586970583 -2.358001212525 3.908240820905 2.838231290408 0.097937551759 -0.552165962058 -2.710030508705 0.910309976303 1.403779159104 
0.412051057135 1.627906293718 2.780482947482 -0.331243507136 -1.011742109284 3.116674494968 -4.647612741458 0.351707117814 0.937586970583 4.051449366100 0.624659109382 -1.184414667901 -1.549222662653 -1.105373285047 -2.359489109492 -0.331579735111 1.104597644900 -3.619751672766 
2.181691931164 0.281604589549 0.191553409866 -0.230481681272 -1.259429508722 0.910217774032 -1.147028991503 -0.195648033171 -2.358001212525 0.624659109382 6.881140707508 -0.334346855835 -2.083684420582 0.034843493830 -0.811178462357 0.559293698776 -0.599054902746 -0.502776648667 
-24.326654781358 -5.335309007442 -0.794494913792 3.444672020420 3.639325366846 0.269933701575 -1.915394742904 8.583483880261 3.908240820905 -1.184414667901 -0.334346855835 80.630149143719 23.225103013388 -5.216249340728 0.490296843638 -4.575605766585 1.356245178870 -1.409534586911 
-8.505774705993 -2.951802118514 -0.752511665714 1.541753364773 0.572989609775 -1.455161136012 0.446428740850 2.340502253918 2.838231290408 -1.549222662653 -2.083684420582 23.225103013388 9.405969631809 -1.097089837028 0.437810448672 -1.598128995791 0.518971255136 2.183210654793 
2.369112027119 -0.614657816557 -0.379493696782 -0.245300240956 0.241674804513 -2.710779636858 3.074709454058 -1.203735205947 0.097937551759 -1.105373285047 0.034843493830 -5.216249340728 -1.097089837028 2.144834344254 0.146394476349 0.159162263610 0.212185967760 2.609080218743 
-0.255158081500 -0.872091829087 -2.465259370738 -0.312630793965 1.105511167771 -1.009894583020 1.625392420246 -0.902267119913 -0.552165962058 -2.359489109492 -0.811178462357 0.490296843638 0.437810448672 0.146394476349 11.379773432984 -3.293638442368 -13.591219895330 -0.196390897250 
1.772779982419 0.181937169479 -0.389833240162 -0.482803294958 -0.891637935848 0.317104708363 -1.008235142878 -1.479711534978 -2.710030508705 -0.331579735111 0.559293698776 -4.575605766585 -1.598128995791 0.159162263610 -3.293638442368 7.674063305834 8.602972615733 0.097183835955 
0.179919559055 0.687422397590 1.449403444622 0.866636516194 -2.352462077335 0.584771884828 -3.180242207808 0.674397561197 0.910309976303 1.104597644900 -0.599054902746 1.356245178870 0.518971255136 0.212185967760 -13.591219895330 8.602972615733 59.694607315617 2.056404142829 
2.160731957629 -1.437094244186 -0.640464583450 1.133578862960 0.460469155211 -17.232055201558 21.349441515198 0.189634745997 1.403779159104 -3.619751672766 -0.502776648667 -1.409534586911 2.183210654793 2.609080218743 -0.196390897250 0.097183835955 2.056404142829 20.294493357943 
