AC_end5
6.202504146066 1.654873915731 0.525406003029 -0.543047247665 0.309580176434 -2.929227092563 4.444019377345 -2.071078354619 -1.195912304324 0.056821013276 1.118106649194 -15.518073918687 -5.507489966100 1.465535233618 -0.199163844201 0.935213195997 -0.213200298086 2.768676320304 
1.654873915731 2.098856168080 0.486464512900 0.192454656029 -0.550073216900 0.833345544214 -0.800328095996 0.922580165222 0.114453436689 1.109915853129 0.529361381699 -3.932221195847 -2.236832448916 -0.462599080145 -0.610971875257 0.115981142905 0.395512113595 -0.908468624727 
0.525406003029 0.486464512900 5.263072724257 1.674230822122 0.717344294160 0.541198266750 -0.772114276862 -0.243080003143 1.148588377854 2.225904237880 -0.014164653249 -1.329491710036 -0.631468391504 -0.047419427708 -2.009342757192 -0.339855386257 0.648388169983 -0.460080090326 
-0.543047247665 0.192454656029 1.674230822122 12.173218275714 -6.319725290504 -0.042588589363 -0.250331158164 1.171773865984 1.648114219296 0.113002342268 0.462543530782 1.261565032384 0.818885516807 0.166647903313 -0.423433024472 -0.534204200051 0.792089620976 0.499235077371 
0.309580176434 -0.550073216900 0.717344294160 -6.319725290504 52.886028206889 -0.821048642911 1.905142478719 -0.050677015318 -0.177371348371 0.003367505240 0.967287433994 0.121068018026 -1.147953571210 1.344813771949 0.355225473718 -0.614272519992 -2.772755623654 0.240099419348 
-2.929227092563 0.833345544214 0.541198266750 -0.042588589363 -0.821048642911 14.936597233916 -16.066332346482 0.700720015767 -0.257777557272 1.987488615423 -0.509896767936 3.193971410442 -0.141875676700 -1.640292718576 -0.361945963174 0.568387960461 0.534625853831 -13.039762328403 
4.444019377345 -0.800328095996 -0.772114276862 -0.250331158164 1.905142478719 -16.066332346482 26.472107361671 0.317955901468 0.579486745625 -3.394581508937 1.414103170545 -6.878926936726 -1.984586930579 2.569838431967 0.586563022222 -0.666729707557 -2.489227258940 16.239645879824 
-2.071078354619 0.922580165222 -0.243080003143 1.171773865984 -0.050677015318 0.700720015767 0.317955901468 5.538858987210 1.867246625048 -0.178243644717 -0.398592188741 5.687854835894 1.576952537293 -1.299101584205 -0.334739405863 -0.727936507289 0.599010322475 0.126341814526 
-1.195912304324 0.114453436689 1.148588377854 1.648114219296 -0.177371348371 -0.257777557272 0.579486745625 1.867246625048 7.582833575360 1.042598743115 -1.040914568723 0.407576365191 1.276563990791 0.451189668339 -1.142503464409 -2.018741203350 1.320634185490 0.319008578652 
0.056821013276 1.109915853129 2.225904237880 0.113002342268 0.003367505240 1.987488615423 -3.394581508937 -0.178243644717 1.042598743115 4.066545273776 1.004462483245 -0.860658218406 -1.221144540379 -0.378753249598 -2.012370875765 -0.919598470715 -0.057986997744 -3.024695648715 
1.118106649194 0.529361381699 -0.014164653249 0.462543530782 0.967287433994 -0.509896767936 1.414103170545 -0.398592188741 -1.040914568723 1.004462483245 5.530744644344 0.502515263679 -1.749836912123 0.656614295313 -0.164848638250 -0.477613537365 -1.840070714595 -0.285206583400 
-15.518073918687 -3.932221195847 -1.329491710036 1.261565032384 0.121068018026 3.193971410442 -6.878926936726 5.687854835894 0.407576365191 -0.860658218406 0.502515263679 53.741039344734 15.419742228216 -3.352955894751 0.784975874544 -2.323110080715 1.409080390177 -3.389330915012 
-5.507489966100 -2.236832448916 -0.631468391504 0.818885516807 -1.147953571210 -0.141875676700 -1.984586930579 1.576952537293 1.276563990791 -1.221144540379 -1.749836912123 15.419742228216 6.900803955155 -0.729548271931 0.415421648464 -0.539413805309 1.857885630408 0.990676863287 
1.465535233618 -0.462599080145 -0.047419427708 0.166647903313 1.344813771949 -1.640292718576 2.569838431967 -1.299101584205 0.451189668339 -0.378753249598 0.656614295313 -3.352955894751 -0.729548271931 1.935249076025 -0.216443880100 -0.053655193514 -0.295914145516 1.605490884756 
-0.199163844201 -0.610971875257 -2.009342757192 -0.423433024472 0.355225473718 -0.361945963174 0.586563022222 -0.334739405863 -1.142503464409 -2.012370875765 -0.164848638250 0.784975874544 0.415421648464 -0.216443880100 9.530689918462 -2.580398601917 -10.612277994561 0.151180439472 
0.935213195997 0.115981142905 -0.339855386257 -0.534204200051 -0.614272519992 0.568387960461 -0.666729707557 -0.727936507289 -2.018741203350 -0.919598470715 -0.477613537365 -2.323110080715 -0.539413805309 -0.053655193514 -2.580398601917 7.375806874656 6.601551943490 0.059678590884 
-0.213200298086 0.395512113595 0.648388169983 0.792089620976 -2.772755623654 0.534625853831 -2.489227258940 0.599010322475 1.320634185490 -0.057986997744 -1.840070714595 1.409080390177 1.857885630408 -0.295914145516 -10.612277994561 6.601551943490 55.005036527572 0.806905903948 
2.768676320304 -0.908468624727 -0.460080090326 0.499235077371 0.240099419348 -13.039762328403 16.239645879824 0.126341814526 0.319008578652 -3.024695648715 -0.285206583400 -3.389330915012 0.990676863287 1.605490884756 0.151180439472 0.059678590884 0.806905903948 15.872364524590 
