GG_end3
6.365957860959 1.039910732194 0.427145238689 -0.860417170752 -4.338226246120 -1.985304797894 0.887166822804 -3.403332957139 -2.635754296954 0.102523284693 1.990135050298 -16.550336594086 -5.567847021539 0.009420394241 -0.249028054610 1.758083373825 -0.512610427819 -1.601034987696 
1.039910732194 2.025250482539 0.297073249089 0.109263581470 -0.428185283343 2.763306031212 -2.763028659828 -0.315612628886 -0.138021030717 0.908402773428 0.896963061480 -4.148917516614 -2.090598436600 -0.276670141345 -0.862284990840 0.384801942733 0.418610878082 -0.949764929002 
0.427145238689 0.297073249089 11.982918640778 4.644389379371 -14.635197581121 0.141308268506 -1.698643468755 0.283042975016 1.416997844744 2.718059836688 -0.477712784882 0.467162816471 0.459836012593 -0.699620197608 -2.225857442292 0.087775999303 0.782727875527 -0.766361587746 
-0.860417170752 0.109263581470 4.644389379371 8.713050547369 -9.641528533107 -0.010464240515 -0.811898714186 0.754541505425 2.880799192570 0.779092938481 -1.178849678322 3.700761870510 1.795717223405 -0.446814976701 -0.330015791355 -0.729526482641 0.133171247967 -0.691669874643 
-4.338226246120 -0.428185283343 -14.635197581121 -9.641528533107 67.610443109950 -0.987813917779 3.273343842077 1.044701376595 1.680073104430 -1.583063679604 -0.981371846882 3.785712962094 0.758408776404 0.751669404891 1.551490540884 -1.112046726290 -1.279085193977 2.789234555322 
-1.985304797894 2.763306031212 0.141308268506 -0.010464240515 -0.987813917779 16.380533299656 -14.933871083388 0.386968138905 -0.760473141441 3.470474548095 1.108071770691 -2.988441904187 -2.184141502536 0.264673895549 -1.491408289265 1.004826354405 3.326559846516 -9.182928629229 
0.887166822804 -2.763028659828 -1.698643468755 -0.811898714186 3.273343842077 -14.933871083388 21.629861591680 0.788661069800 0.132156937502 -5.264220065031 -0.841722578192 2.353455860339 1.826852248742 1.230684728334 2.510883406027 -1.401622540956 -3.860191552701 12.004992464796 
-3.403332957139 -0.315612628886 0.283042975016 0.754541505425 1.044701376595 0.386968138905 0.788661069800 6.847999761895 2.386151675793 0.136730120231 -0.818871098452 11.142617679460 3.154027689105 1.532568289766 -0.458652061625 -1.077134342476 -0.082964094011 4.323482288623 
-2.635754296954 -0.138021030717 1.416997844744 2.880799192570 1.680073104430 -0.760473141441 0.132156937502 2.386151675793 8.429788535731 1.317524372078 -3.366602923927 5.026433327332 3.373822094003 -0.520405008362 -0.634747570914 -2.200076826939 0.472904355817 -0.194667199763 
0.102523284693 0.908402773428 2.718059836688 0.779092938481 -1.583063679604 3.470474548095 -5.264220065031 0.136730120231 1.317524372078 4.607656780201 -0.020392791466 -1.716902043434 -0.611102466586 -0.748756807903 -2.414364810118 0.162356678483 1.343184989581 -3.086914948720 
1.990135050298 0.896963061480 -0.477712784882 -1.178849678322 -0.981371846882 1.108071770691 -0.841722578192 -0.818871098452 -3.366602923927 -0.020392791466 5.100452229450 -3.273878099924 -3.001887204714 0.928230568645 -0.346787058513 0.367363039809 -0.939333703651 0.256753892102 
-16.550336594086 -4.148917516614 0.467162816471 3.700761870510 3.785712962094 -2.988441904187 2.353455860339 11.142617679460 5.026433327332 -1.716902043434 -3.273878099924 63.396121214136 17.656136160218 1.971610614422 0.859001014712 -4.560515201443 1.369835924440 13.855681826480 
-5.567847021539 -2.090598436600 0.459836012593 1.795717223405 0.758408776404 -2.184141502536 1.826852248742 3.154027689105 3.373822094003 -0.611102466586 -3.001887204714 17.656136160218 7.669267606384 -0.782166475969 -0.647028545884 -2.388363452668 3.229715813304 1.592349257018 
0.009420394241 -0.276670141345 -0.699620197608 -0.446814976701 0.751669404891 0.264673895549 1.230684728334 1.532568289766 -0.520405008362 -0.748756807903 0.928230568645 1.971610614422 -0.782166475969 2.408684369780 1.461378113635 0.058462096576 -2.053071785889 3.209809811063 
-0.249028054610 -0.862284990840 -2.225857442292 -0.330015791355 1.551490540884 -1.491408289265 2.510883406027 -0.458652061625 -0.634747570914 -2.414364810118 -0.346787058513 0.859001014712 -0.647028545884 1.461378113635 14.397351589952 4.393771023959 -16.250515394605 3.727984708535 
1.758083373825 0.384801942733 0.087775999303 -0.729526482641 -1.112046726290 1.004826354405 -1.401622540956 -1.077134342476 -2.200076826939 0.162356678483 0.367363039809 -4.560515201443 -2.388363452668 0.058462096576 4.393771023959 11.970043069805 -13.465555332065 -0.430712314924 
-0.512610427819 0.418610878082 0.782727875527 0.133171247967 -1.279085193977 3.326559846516 -3.860191552701 -0.082964094011 0.472904355817 1.343184989581 -0.939333703651 1.369835924440 3.229715813304 -2.053071785889 -16.250515394605 -13.465555332065 93.850156099014 -5.697693698416 
-1.601034987696 -0.949764929002 -0.766361587746 -0.691669874643 2.789234555322 -9.182928629229 12.004992464796 4.323482288623 -0.194667199763 -3.086914948720 0.256753892102 13.855681826480 1.592349257018 3.209809811063 3.727984708535 -0.430712314924 -5.697693698416 17.998015710696 
