NG
8.856599803165 1.795546986530 1.208590269729 -0.689369144051 -4.903249304843 -3.166993092638 4.495268443973 -2.596716134931 -3.819078310044 1.041769026353 2.338528529577 -21.754285079324 -8.048866735007 0.845900591563 -0.545861259831 2.004227027949 0.094136772415 1.635845350268 
1.795546986530 3.145996970853 0.925778451761 0.028465373563 -0.969809011113 2.570221614400 -2.130988022885 0.631199963445 0.150710036869 1.570875676960 0.115384343653 -6.966276727465 -2.989085452508 -0.468085397800 -1.173623928620 0.290751973925 1.268819449538 -1.275805746734 
1.208590269729 0.925778451761 12.857736317750 4.056704090024 -15.840975061179 0.292027101559 -1.699694597525 0.929892766876 0.745170005930 3.433370005464 -0.212959981667 -0.885775060075 -0.231061171190 -0.241613453455 -3.296029027738 0.459092510837 2.107268375994 -0.759323426622 
-0.689369144051 0.028465373563 4.056704090024 7.006764494978 -8.406267029932 -0.348529023525 0.275193453292 1.222207392521 3.453664986100 1.073739983852 -1.441414641845 3.382317658526 1.659150028611 -0.282833301723 -0.591212384474 -0.896123640096 0.286994668038 -0.174785684874 
-4.903249304843 -0.969809011113 -15.840975061179 -8.406267029932 61.150392370931 -1.110579048569 2.060798582194 0.004774234787 2.812250992984 -1.090514529234 -0.237963104036 4.229658936025 0.765268027670 0.689409522987 1.601966831453 -1.622174139611 -2.208886802676 1.528281110956 
-3.166993092638 2.570221614400 0.292027101559 -0.348529023525 -1.110579048569 18.929716270205 -20.448577651286 -0.563606598608 -0.337404756531 3.830209398343 0.885123265684 -0.197019362254 -0.119626998275 -0.306516892470 -1.695384223105 0.767716008722 3.013811121822 -13.923731480451 
4.495268443973 -2.130988022885 -1.699694597525 0.275193453292 2.060798582194 -20.448577651286 32.224539568584 1.463679977637 1.706125574342 -5.070250555620 -1.066816230471 -6.027430980784 -1.889449917101 1.522558625365 2.393542693200 -1.841935193809 -3.703388327178 18.585092417284 
-2.596716134931 0.631199963445 0.929892766876 1.222207392521 0.004774234787 -0.563606598608 1.463679977637 8.206851459642 2.996439689099 0.402090912371 -1.517893237123 8.368359690419 2.472012914520 -0.020132848756 -1.322293183095 -1.205632572713 0.957389459047 3.986542838443 
-3.819078310044 0.150710036869 0.745170005930 3.453664986100 2.812250992984 -0.337404756531 1.706125574342 2.996439689099 11.883226273127 1.739453371399 -4.669096388357 5.450890694774 3.796902562887 -0.252834443984 -0.886180499086 -3.148515799001 0.485753345164 -0.253629339345 
1.041769026353 1.570875676960 3.433370005464 1.073739983852 -1.090514529234 3.830209398343 -5.070250555620 0.402090912371 1.739453371399 5.189344868518 1.757021370720 -3.951062681417 -1.624583433077 -0.183704165879 -3.401052951136 -0.280145521665 1.818069471217 -3.303593996505 
2.338528529577 0.115384343653 -0.212959981667 -1.441414641845 -0.237963104036 0.885123265684 -1.066816230471 -1.517893237123 -4.669096388357 1.757021370720 6.302902493674 -3.206068767942 -3.454448474194 1.241830403340 -0.851519103356 0.194000778503 -1.314402844963 0.467570127872 
-21.754285079324 -6.966276727465 -0.885775060075 3.382317658526 4.229658936025 -0.197019362254 -6.027430980784 8.368359690419 5.450890694774 -3.951062681417 -3.206068767942 75.610651542828 22.429026700692 0.130792374676 0.954543603650 -4.307345464057 -0.842430080803 5.859414448992 
-8.048866735007 -2.989085452508 -0.231061171190 1.659150028611 0.765268027670 -0.119626998275 -1.889449917101 2.472012914520 3.796902562887 -1.624583433077 -3.454448474194 22.429026700692 9.424554100486 -1.132390051703 0.230039262280 -1.416703230431 0.392900557882 -0.370501603741 
0.845900591563 -0.468085397800 -0.241613453455 -0.282833301723 0.689409522987 -0.306516892470 1.522558625365 -0.020132848756 -0.252834443984 -0.183704165879 1.241830403340 0.130792374676 -1.132390051703 2.473202635602 1.106352076054 -0.182803092079 -2.335138094684 2.151085209596 
-0.545861259831 -1.173623928620 -3.296029027738 -0.591212384474 1.601966831453 -1.695384223105 2.393542693200 -1.322293183095 -0.886180499086 -3.401052951136 -0.851519103356 0.954543603650 0.230039262280 1.106352076054 10.546623654523 2.246400863060 -10.297246042290 3.103011669791 
2.004227027949 0.290751973925 0.459092510837 -0.896123640096 -1.622174139611 0.767716008722 -1.841935193809 -1.205632572713 -3.148515799001 -0.280145521665 0.194000778503 -4.307345464057 -1.416703230431 -0.182803092079 2.246400863060 8.023379339970 -5.422542164916 -1.009880975389 
0.094136772415 1.268819449538 2.107268375994 0.286994668038 -2.208886802676 3.013811121822 -3.703388327178 0.957389459047 0.485753345164 1.818069471217 -1.314402844963 -0.842430080803 0.392900557882 -2.335138094684 -10.297246042290 -5.422542164916 59.991939993371 -5.255277218712 
1.635845350268 -1.275805746734 -0.759323426622 -0.174785684874 1.528281110956 -13.923731480451 18.585092417284 3.986542838443 -0.253629339345 -3.303593996505 0.467570127872 5.859414448992 -0.370501603741 2.151085209596 3.103011669791 -1.009880975389 -5.255277218712 19.104152058340 
