CG_end5
5.310715738055 0.844462794353 0.156421830261 -1.844741999205 -2.011621148359 0.329585626583 0.496126904552 -2.167155672935 -3.388856211071 -0.070321831466 1.491911624555 -12.242101443432 -4.359064820053 0.410261492378 -0.190830385965 1.985891590009 -0.577842002368 -0.211503440735 
0.844462794353 2.181721794640 1.000591849961 0.195913081013 -1.166164799452 2.519248669014 -1.162674325439 1.080184022940 -0.196743773933 0.741047346530 0.729555551519 1.918767813679 -0.536113017342 0.382237503489 -0.663227194251 -0.011714453267 -0.101788188582 1.428967621305 
0.156421830261 1.000591849961 15.007353804246 -4.092629157440 -16.250738628347 2.930379275918 -3.081089374079 -0.135561090966 0.455368432559 2.799043749823 -0.690473492159 1.382550023198 0.839822515896 -1.030987632746 -2.232243791835 0.123946974336 1.042141751248 -1.566924387813 
-1.844741999205 0.195913081013 -4.092629157440 11.424761122306 12.294391067970 0.889484176103 -0.737859749838 0.965490678410 2.059283256342 0.352069060050 -0.424804980051 4.421275993748 2.002253227601 0.031879879568 -0.456578018564 -0.790953702838 0.958120321612 -0.204963864021 
-2.011621148359 -1.166164799452 -16.250738628347 12.294391067970 92.728646088895 -1.774557705715 3.696122205255 -0.559381345934 0.245836552255 -1.077267873334 -0.070549126947 2.361142745269 -0.006371484772 -0.085527163530 0.574480525018 -0.318668667891 -1.002610825949 3.396863920243 
0.329585626583 2.519248669014 2.930379275918 0.889484176103 -1.774557705715 15.081143734716 -9.111883212000 3.096036012686 -0.466742832147 3.187870508510 1.036437740651 8.912362057378 0.905655188723 1.108463400787 -1.028731638881 0.283590523452 1.749799851408 -2.894762542561 
0.496126904552 -1.162674325439 -3.081089374079 -0.737859749838 3.696122205255 -9.111883212000 15.592111302019 0.007665636880 -0.450301423054 -5.735158248384 0.159574914401 -1.797574429265 -0.750671967231 1.242512370570 1.986079248929 -0.627271684151 -1.166595139570 9.454228898756 
-2.167155672935 1.080184022940 -0.135561090966 0.965490678410 -0.559381345934 3.096036012686 0.007665636880 5.928536796922 2.717025844191 0.307839954086 -0.082296574549 8.648086276694 2.137241553600 1.524439067753 -0.302941777838 -1.223755700225 0.696416787757 3.126798921798 
-3.388856211071 -0.196743773933 0.455368432559 2.059283256342 0.245836552255 -0.466742832147 -0.450301423054 2.717025844191 7.883895277018 0.529149378882 -2.798716349017 4.522800515946 3.517276267651 0.066608923180 0.385660493705 -1.635611809570 0.747197194510 -0.738077516075 
-0.070321831466 0.741047346530 2.799043749823 0.352069060050 -1.077267873334 3.187870508510 -5.735158248384 0.307839954086 0.529149378882 3.932391759200 -0.847873091291 0.911168280469 0.736144459405 -0.982899570839 -2.587466754924 -0.128570933488 1.234905854701 -3.529590430532 
1.491911624555 0.729555551519 -0.690473492159 -0.424804980051 -0.070549126947 1.036437740651 0.159574914401 -0.082296574549 -2.798716349017 -0.847873091291 4.583008231992 -0.727125037391 -1.644963459052 0.257632280354 -0.248865370892 0.271407888257 -0.317935820919 0.852531810216 
-12.242101443432 1.918767813679 1.382550023198 4.421275993748 2.361142745269 8.912362057378 -1.797574429265 8.648086276694 4.522800515946 0.911168280469 -0.727125037391 51.448789279902 12.117071590780 1.704443318801 -0.567425341910 -4.508344060101 3.215827765866 7.816731598658 
-4.359064820053 -0.536113017342 0.839822515896 2.002253227601 -0.006371484772 0.905655188723 -0.750671967231 2.137241553600 3.517276267651 0.736144459405 -1.644963459052 12.117071590780 5.028204701365 -0.564483711547 -1.168950006143 -2.134070454129 4.384697889229 -0.328083490623 
0.410261492378 0.382237503489 -1.030987632746 0.031879879568 -0.085527163530 1.108463400787 1.242512370570 1.524439067753 0.066608923180 -0.982899570839 0.257632280354 1.704443318801 -0.564483711547 1.830685243868 1.379578347495 -0.010844819082 -1.622967154576 2.518364875426 
-0.190830385965 -0.663227194251 -2.232243791835 -0.456578018564 0.574480525018 -1.028731638881 1.986079248929 -0.302941777838 0.385660493705 -2.587466754924 -0.248865370892 -0.567425341910 -1.168950006143 1.379578347495 11.142031443703 2.500392814159 -12.697917132456 3.023880879207 
1.985891590009 -0.011714453267 0.123946974336 -0.790953702838 -0.318668667891 0.283590523452 -0.627271684151 -1.223755700225 -1.635611809570 -0.128570933488 0.271407888257 -4.508344060101 -2.134070454129 -0.010844819082 2.500392814159 6.956139353848 -8.254195595212 -0.881200018062 
-0.577842002368 -0.101788188582 1.042141751248 0.958120321612 -1.002610825949 1.749799851408 -1.166595139570 0.696416787757 0.747197194510 1.234905854701 -0.317935820919 3.215827765866 4.384697889229 -1.622967154576 -12.697917132456 -8.254195595212 64.901079988029 -1.389165042047 
-0.211503440735 1.428967621305 -1.566924387813 -0.204963864021 3.396863920243 -2.894762542561 9.454228898756 3.126798921798 -0.738077516075 -3.529590430532 0.852531810216 7.816731598658 -0.328083490623 2.518364875426 3.023880879207 -0.881200018062 -1.389165042047 13.873120110452 
