GC
9.784223854473 1.584151252959 0.398556615857 -1.639658436108 -3.012090077421 -2.558020046211 1.432859479938 -3.830542046548 -3.738713078428 -0.443990236681 2.359676813783 -24.636993185133 -8.688675323768 2.890329445302 0.355396271390 2.131892055429 -0.577916900024 1.425984427531 
1.584151252959 2.421759064689 0.385120509616 -0.286390697570 -0.031499742408 2.832435474195 -3.420854427426 -0.985570566786 -0.248549173897 1.432167922153 0.144964473000 -6.015577933956 -2.890329445302 -0.625228348698 -0.603113848416 0.335057837184 0.344066457318 -2.991903046290 
0.398556615857 0.385120509616 11.374009465964 3.214725640890 -12.356308661884 -0.101319146443 -2.575964165082 -0.378430909744 -0.116119817957 2.407174963568 0.052654285381 -0.448092234316 -0.355396271390 -0.603113848416 -2.361082647600 0.108359988993 1.644584144926 -0.931218697161 
-1.639658436108 -0.286390697570 3.214725640890 7.742443907523 -9.001869191974 -0.463098530956 -0.114380039246 1.311701105877 2.378911884118 0.253022449171 -0.899098498630 4.346624434509 2.131892055429 -0.335057837184 -0.108359988993 -1.130760254875 1.388368345611 0.511547115768 
-3.012090077421 -0.031499742408 -12.356308661884 -9.001869191974 65.999000405545 1.823242211897 3.442001384368 0.584578750288 1.542017617940 -1.471188451291 -0.382656271864 2.891700176813 0.577916900024 0.344066457318 1.644584144926 -1.388368345611 -3.163376037672 1.480647400712 
-2.558020046211 2.832435474195 -0.101319146443 -0.463098530956 1.823242211897 20.260139464924 -21.265204733129 0.835062278957 0.707566375272 4.036625078592 -0.485934962825 -0.919669872060 -1.425984427531 -2.991903046290 -0.931218697161 -0.511547115768 1.480647400712 -16.466831344294 
1.432859479938 -3.420854427426 -2.575964165082 -0.114380039246 3.442001384368 -21.265204733129 32.898548707162 0.000000000000 -0.000000000000 -7.471630636453 -0.000000000000 0.000000000000 1.432859479938 3.420854427426 2.575964165082 -0.114380039246 -3.442001384368 21.265204733129 
-3.830542046548 -0.985570566786 -0.378430909744 1.311701105877 0.584578750288 0.835062278957 0.000000000000 7.087347204956 2.639543222724 0.000000000000 0.059764975994 11.792439311051 3.830542046548 -0.985570566786 -0.378430909744 -1.311701105877 0.584578750288 0.835062278957 
-3.738713078428 -0.248549173897 -0.116119817957 2.378911884118 1.542017617940 0.707566375272 -0.000000000000 2.639543222724 8.257506273070 -0.000000000000 -2.304373718561 4.776098416403 3.738713078428 -0.248549173897 -0.116119817957 -2.378911884118 1.542017617940 0.707566375272 
-0.443990236681 1.432167922153 2.407174963568 0.253022449171 -1.471188451291 4.036625078592 -7.471630636453 0.000000000000 -0.000000000000 3.982711148362 0.000000000000 -0.000000000000 -0.443990236681 -1.432167922153 -2.407174963568 0.253022449171 1.471188451291 -4.036625078592 
2.359676813783 0.144964473000 0.052654285381 -0.899098498630 -0.382656271864 -0.485934962825 -0.000000000000 0.059764975994 -2.304373718561 0.000000000000 5.173062223159 -1.122456114947 -2.359676813783 0.144964473000 0.052654285381 0.899098498630 -0.382656271864 -0.485934962825 
-24.636993185133 -6.015577933956 -0.448092234316 4.346624434509 2.891700176813 -0.919669872060 0.000000000000 11.792439311051 4.776098416403 -0.000000000000 -1.122456114947 85.344119528294 24.636993185133 -6.015577933956 -0.448092234316 -4.346624434509 2.891700176813 -0.919669872060 
-8.688675323768 -2.890329445302 -0.355396271390 2.131892055429 0.577916900024 -1.425984427531 1.432859479938 3.830542046548 3.738713078428 -0.443990236681 -2.359676813783 24.636993185133 9.784223854473 -1.584151252959 -0.398556615857 -1.639658436108 3.012090077421 2.558020046211 
2.890329445302 -0.625228348698 -0.603113848416 -0.335057837184 0.344066457318 -2.991903046290 3.420854427426 -0.985570566786 -0.248549173897 -1.432167922153 0.144964473000 -6.015577933956 -1.584151252959 2.421759064689 0.385120509616 0.286390697570 -0.031499742408 2.832435474195 
0.355396271390 -0.603113848416 -2.361082647600 -0.108359988993 1.644584144926 -0.931218697161 2.575964165082 -0.378430909744 -0.116119817957 -2.407174963568 0.052654285381 -0.448092234316 -0.398556615857 0.385120509616 11.374009465964 -3.214725640890 -12.356308661884 -0.101319146443 
2.131892055429 0.335057837184 0.108359988993 -1.130760254875 -1.388368345611 -0.511547115768 -0.114380039246 -1.311701105877 -2.378911884118 0.253022449171 0.899098498630 -4.346624434509 -1.639658436108 0.286390697570 -3.214725640890 7.742443907523 9.001869191974 0.463098530956 
-0.577916900024 0.344066457318 1.644584144926 1.388368345611 -3.163376037672 1.480647400712 -3.442001384368 0.584578750288 1.542017617940 1.471188451291 -0.382656271864 2.891700176813 3.012090077421 -0.031499742408 -12.356308661884 9.001869191974 65.999000405545 1.823242211897 
1.425984427531 -2.991903046290 -0.931218697161 0.511547115768 1.480647400712 -16.466831344294 21.265204733129 0.835062278957 0.707566375272 -4.036625078592 -0.485934962825 -0.919669872060 2.558020046211 2.832435474195 -0.101319146443 0.463098530956 1.823242211897 20.260139464924 
