GA
7.504244087895 1.623207447244 0.502445949607 -1.701553033368 -3.101813255776 -1.525831146823 1.601432791058 -2.643226408056 -3.989494046368 0.324089732356 2.223808728599 -18.732725191387 -6.926665709025 1.264097516107 0.088466939066 2.070842252497 -0.693031999121 0.511422481836 
1.623207447244 2.439461806303 0.988897609377 0.267033765624 -0.775883026655 2.694719275418 -2.667861396456 -1.166748882046 -0.047190368974 1.566809778665 0.048334634379 -7.278199875684 -2.313273525487 -0.533299204356 -0.685382592838 0.517623001557 0.646575376396 -2.560718085196 
0.502445949607 0.988897609377 11.343486382091 3.066560504651 -13.192920252791 1.003515560496 -2.606141378315 0.336181722756 -0.456127997152 2.653533318230 -0.102538703721 0.303449597217 -0.049682938476 -0.451962630245 -2.124438951823 0.242698920384 1.351518944228 -0.949888795399 
-1.701553033368 0.267033765624 3.066560504651 7.218265740426 -8.139570132911 0.096459829770 0.157975354156 1.422859587026 1.976107876798 -0.433483218005 -1.055039668351 4.966654464728 1.793511200944 -0.222095612637 0.212917773914 -1.067863738050 0.579644482514 0.972165266619 
-3.101813255776 -0.775883026655 -13.192920252791 -8.139570132911 63.409941893406 -2.377480446409 1.199196537740 0.215570923508 1.529106136493 -1.312062117628 0.620492693855 1.916279138829 0.220648395684 0.522043888745 1.129991439513 -1.187304186122 -2.179284842453 0.804403631519 
-1.525831146823 2.694719275418 1.003515560496 0.096459829770 -2.377480446409 17.659646369915 -16.329733057039 -1.547308801691 0.379928172406 4.580712676494 0.111051641408 -6.027287876235 -0.093723724628 -1.337194129485 -1.055048971766 1.089856631057 1.458072541895 -14.022184376804 
1.601432791058 -2.667861396456 -2.606141378315 0.157975354156 1.199196537740 -16.329733057039 25.812865960221 1.100321336153 -0.172134914116 -6.613725793048 0.688649778021 -2.238530721892 -1.334980116442 1.710681721218 2.233702577098 -1.169221553016 -2.506990906596 16.801296587809 
-2.643226408056 -1.166748882046 0.336181722756 1.422859587026 0.215570923508 -1.547308801691 1.100321336153 6.288602856316 3.141519528502 -0.158142264368 -1.246147717477 7.851069594583 2.608032814807 -0.172341453542 -0.634877840621 -0.981415063647 0.432446410840 3.247097733867 
-3.989494046368 -0.047190368974 -0.456127997152 1.976107876798 1.529106136493 0.379928172406 -0.172134914116 3.141519528502 7.900977914727 -0.724047901545 -3.458328051121 6.091260458494 3.699576875219 -0.582117919017 0.603097045845 -2.218450050849 0.363908526209 -0.058966889094 
0.324089732356 1.566809778665 2.653533318230 -0.433483218005 -1.312062117628 4.580712676494 -6.613725793048 -0.158142264368 -0.724047901545 4.545256427482 1.281272443136 -1.893274604081 -0.692533923035 -0.668377345427 -2.460572647865 1.143719570608 0.987193806053 -4.001116663984 
2.223808728599 0.048334634379 -0.102538703721 -1.055039668351 0.620492693855 0.111051641408 0.688649778021 -1.246147717477 -3.458328051121 1.281272443136 5.119701957918 -3.438942453736 -2.509747442562 0.510011023147 -0.563962754560 0.633874119360 -0.533938859410 0.494123983320 
-18.732725191387 -7.278199875684 0.303449597217 4.966654464728 1.916279138829 -6.027287876235 -2.238530721892 7.851069594583 6.091260458494 -1.893274604081 -3.438942453736 72.307359610272 19.750289385828 -0.646786001170 -0.001609037546 -4.783243291133 2.259829403220 6.158798957597 
-6.926665709025 -2.313273525487 -0.049682938476 1.793511200944 0.220648395684 -0.093723724628 -1.334980116442 2.608032814807 3.699576875219 -0.692533923035 -2.509747442562 19.750289385828 7.530168651405 -0.760190933966 0.170764122197 -1.750855011468 0.429485269154 -0.319775295721 
1.264097516107 -0.533299204356 -0.451962630245 -0.222095612637 0.522043888745 -1.337194129485 1.710681721218 -0.172341453542 -0.582117919017 -0.668377345427 0.510011023147 -0.646786001170 -0.760190933966 1.861422821033 0.578628076633 -0.019925699850 -0.726590489339 1.145752986364 
0.088466939066 -0.685382592838 -2.124438951823 0.212917773914 1.129991439513 -1.055048971766 2.233702577098 -0.634877840621 0.603097045845 -2.460572647865 -0.563962754560 -0.001609037546 0.170764122197 0.578628076633 4.380454978734 0.631139976948 0.365278209693 0.659367864626 
2.070842252497 0.517623001557 0.242698920384 -1.067863738050 -1.187304186122 1.089856631057 -1.169221553016 -0.981415063647 -2.218450050849 1.143719570608 0.633874119360 -4.783243291133 -1.750855011468 -0.019925699850 0.631139976948 8.441074613223 -3.233483141290 -1.007954722726 
-0.693031999121 0.646575376396 1.351518944228 0.579644482514 -2.179284842453 1.458072541895 -2.506990906596 0.432446410840 0.363908526209 0.987193806053 -0.533938859410 2.259829403220 0.429485269154 -0.726590489339 0.365278209693 -3.233483141290 36.478824202749 0.586333873630 
0.511422481836 -2.560718085196 -0.949888795399 0.972165266619 0.804403631519 -14.022184376804 16.801296587809 3.247097733867 -0.058966889094 -4.001116663984 0.494123983320 6.158798957597 -0.319775295721 1.145752986364 0.659367864626 -1.007954722726 0.586333873630 17.296065702274 
