GG_end5
7.600641721614 1.060424431440 -0.228239293195 -0.982752184247 -3.976893437145 -3.905934236601 4.183810672281 -3.624771011031 -2.993846626073 -0.793047140806 2.417796273332 -17.933635651267 -6.509619675913 0.681530732077 0.407688043497 1.722247760950 -1.703338114100 1.492843906764 
1.060424431440 2.725386719187 0.417673351399 0.221198222600 -0.248638831189 3.002936200609 -2.854042977522 -0.787757430562 0.439277596956 1.033733588167 0.064726166300 -6.425595778540 -2.455178699891 -0.656571896307 -0.725755732501 0.147900008694 0.475263369465 -1.988196889689 
-0.228239293195 0.417673351399 16.763402523743 7.121982359032 -19.994668842622 0.301695731122 -2.755021112966 0.304512416490 1.478541438270 2.921151768949 -1.294068840185 1.010522787536 0.929177203378 -0.951496994498 -1.848454335801 0.212943115861 0.553045100378 -1.773038888472 
-0.982752184247 0.221198222600 7.121982359032 12.364482653169 -16.497130734657 0.467708638651 -1.598077727918 0.623259769273 2.587538630134 0.664069692831 -1.357036853236 2.869126610180 1.564723640161 -0.376217605398 -0.378747763357 -0.991087623112 0.541581206032 -1.428142436425 
-3.976893437145 -0.248638831189 -19.994668842622 -16.497130734657 94.985976241327 1.524573955507 3.038389260582 1.042616124596 0.673583544834 -0.982549772678 0.533356865307 4.361465417223 0.444995957472 0.772467369207 0.658390232982 -0.819176839076 -1.290478135101 3.089791574048 
-3.905934236601 3.002936200609 0.301695731122 0.467708638651 1.524573955507 17.388878030857 -16.054599760296 -1.778158460555 0.978417136537 2.944662587287 -1.577157548869 1.092943777077 -0.137412752087 -0.785886535172 -0.812677148453 -0.038218237722 2.987068862858 -11.645388311526 
4.183810672281 -2.854042977522 -2.755021112966 -1.598077727918 3.038389260582 -16.054599760296 24.729408156820 1.732149839106 -2.337680767529 -4.980157002826 2.740412163892 -5.460254984321 -1.445929535131 2.185673028056 1.431401362867 -0.060000807204 -3.464873347011 15.040758211242 
-3.624771011031 -0.787757430562 0.304512416490 0.623259769273 1.042616124596 -1.778158460555 1.732149839106 6.999644491546 3.034152619279 -0.223270464206 -2.116394317687 11.379079628628 4.014820760941 0.291184112451 -0.503093135736 -1.433696319893 0.631707699254 3.954174249297 
-2.993846626073 0.439277596956 1.478541438270 2.587538630134 0.673583544834 0.978417136537 -2.337680767529 3.034152619279 7.671232154891 0.992384679798 -2.870723145724 4.763263003617 2.712512474281 -0.203719065210 -0.856412530763 -2.353563985882 1.742351418518 -0.591034673650 
-0.793047140806 1.033733588167 2.921151768949 0.664069692831 -0.982549772678 2.944662587287 -4.980157002826 -0.223270464206 0.992384679798 4.465963272161 0.260685852085 0.837061961199 0.240519712969 -0.936516779398 -1.938537052157 0.146445799366 0.739070284674 -2.808095222518 
2.417796273332 0.064726166300 -1.294068840185 -1.357036853236 0.533356865307 -1.577157548869 2.740412163892 -2.116394317687 -2.870723145724 0.260685852085 4.497798935929 -4.391454656030 -2.979614315057 0.542232600979 0.043436081739 0.052572421980 -1.934342638210 0.510379954191 
-17.933635651267 -6.425595778540 1.010522787536 2.869126610180 4.361465417223 1.092943777077 -5.460254984321 11.379079628628 4.763263003617 0.837061961199 -4.391454656030 63.744601860427 19.722649562096 0.455532976574 -0.695272454364 -3.618425045560 3.330835001964 4.230380984417 
-6.509619675913 -2.455178699891 0.929177203378 1.564723640161 0.444995957472 -0.137412752087 -1.445929535131 4.014820760941 2.712512474281 0.240519712969 -2.979614315057 19.722649562096 8.214272545839 -0.751981359939 -1.216727372802 -1.541267567894 4.074620672351 0.098344903607 
0.681530732077 -0.656571896307 -0.951496994498 -0.376217605398 0.772467369207 -0.785886535172 2.185673028056 0.291184112451 -0.203719065210 -0.936516779398 0.542232600979 0.455532976574 -0.751981359939 2.097939114672 1.903137877826 -0.054605145920 -2.856972075697 2.563405609882 
0.407688043497 -0.725755732501 -1.848454335801 -0.378747763357 0.658390232982 -0.812677148453 1.431401362867 -0.503093135736 -0.856412530763 -1.938537052157 0.043436081739 -0.695272454364 -1.216727372802 1.903137877826 8.843265970036 2.266436125921 -10.080472670498 3.905997553707 
1.722247760950 0.147900008694 0.212943115861 -0.991087623112 -0.819176839076 -0.038218237722 -0.060000807204 -1.433696319893 -2.353563985882 0.146445799366 0.052572421980 -3.618425045560 -1.541267567894 -0.054605145920 2.266436125921 7.996644657259 -7.783780604476 0.610798662434 
-1.703338114100 0.475263369465 0.553045100378 0.541581206032 -1.290478135101 2.987068862858 -3.464873347011 0.631707699254 1.742351418518 0.739070284674 -1.934342638210 3.330835001964 4.074620672351 -2.856972075697 -10.080472670498 -7.783780604476 61.234682231333 -9.303622992574 
1.492843906764 -1.988196889689 -1.773038888472 -1.428142436425 3.089791574048 -11.645388311526 15.040758211242 3.954174249297 -0.591034673650 -2.808095222518 0.510379954191 4.230380984417 0.098344903607 2.563405609882 3.905997553707 0.610798662434 -9.303622992574 16.094297695132 
