TG_end5
5.252799822855 0.520311887018 -0.336228720362 -1.179132050258 -0.653586708477 -0.762136738547 0.113037009697 -2.300754800141 -3.019916304016 0.064133276226 1.663655210566 -13.578222964099 -5.030639587643 0.437566958561 -0.468444282984 1.673634874206 -0.133020612207 -0.093703257678 
0.520311887018 1.774917634724 0.641013979351 0.417173413616 0.016038807208 1.511477022026 -1.954419759420 0.543709953415 -0.007832789352 0.857949572641 0.520330440974 -0.168359517694 -0.973877527512 -0.027549283095 -0.790013393832 0.327185241701 -0.095074887030 0.298378343905 
-0.336228720362 0.641013979351 5.814245884692 -1.109659078368 -0.090282313348 1.043731896115 -2.865916101270 -0.082773943644 0.525878192819 2.520852914043 -0.821914192153 0.816697549236 0.743845891749 -1.019702823734 -2.041636364896 0.134428141420 1.170739437137 -1.452040800753 
-1.179132050258 0.417173413616 -1.109659078368 12.872361345705 5.511822807684 0.864208724814 -1.608165421479 0.174373419780 1.879747612949 1.372023701683 -0.916578505454 3.199333594495 1.568313021360 -0.363125546289 0.092588760696 -0.023016706134 0.586653724901 -1.385320785246 
-0.653586708477 0.016038807208 -0.090282313348 5.511822807684 53.449993276850 0.062626815255 2.882759660562 0.229147080999 0.174918921637 -0.544499175091 0.523603688491 2.741219444315 0.019788190236 0.322196083313 0.561747020635 -0.414665883755 -1.567569637820 2.980399497095 
-0.762136738547 1.511477022026 1.043731896115 0.864208724814 0.062626815255 13.868513988984 -11.577841574605 1.539570293463 -0.594408642234 2.971288047485 0.201993803471 8.677518904501 0.720056548939 0.633616030760 -1.247862999730 0.452560839257 2.537691098137 -5.136409359892 
0.113037009697 -1.954419759420 -2.865916101270 -1.608165421479 2.882759660562 -11.577841574605 19.320875995358 0.819475831332 -0.417913329113 -5.606411982959 0.967537134126 -1.040780580624 -0.119833721328 1.406617178622 2.091117449549 -1.177502403717 -1.745273192403 12.140300977609 
-2.300754800141 0.543709953415 -0.082773943644 0.174373419780 0.229147080999 1.539570293463 0.819475831332 5.180425839017 2.902500360516 -0.830872598623 -0.030244936641 6.908924947329 2.173070960788 0.897488446028 -0.247127417625 -1.221343225418 0.443876285306 2.565310166106 
-3.019916304016 -0.007832789352 0.525878192819 1.879747612949 0.174918921637 -0.594408642234 -0.417913329113 2.902500360516 7.868434661228 0.573948161186 -3.059572713211 3.774711671091 3.194398122840 -0.004988700714 0.973296681085 -1.263947685321 0.038581426900 -0.631475620886 
0.064133276226 0.857949572641 2.520852914043 1.372023701683 -0.544499175091 2.971288047485 -5.606411982959 -0.830872598623 0.573948161186 3.775776307052 -0.697697175436 -0.237929320698 0.413960178793 -1.317117304922 -1.981094061609 -0.001421357099 0.960665641839 -3.982816014362 
1.663655210566 0.520330440974 -0.821914192153 -0.916578505454 0.523603688491 0.201993803471 0.967537134126 -0.030244936641 -3.059572713211 -0.697697175436 5.152078146080 -1.985309211782 -2.168815720564 0.459170754038 -0.469837656996 0.213604398969 -0.749476289525 1.801872432997 
-13.578222964099 -0.168359517694 0.816697549236 3.199333594495 2.741219444315 8.677518904501 -1.040780580624 6.908924947329 3.774711671091 -0.237929320698 -1.985309211782 54.301661430680 14.090434462294 1.140058765414 0.444098304761 -4.227186579874 2.984753051874 5.946139913815 
-5.030639587643 -0.973877527512 0.743845891749 1.568313021360 0.019788190236 0.720056548939 -0.119833721328 2.173070960788 3.194398122840 0.413960178793 -2.168815720564 14.090434462294 6.104795310152 -0.729666238045 -0.638133629804 -1.886427573481 2.670791111640 -0.675430598076 
0.437566958561 -0.027549283095 -1.019702823734 -0.363125546289 0.322196083313 0.633616030760 1.406617178622 0.897488446028 -0.004988700714 -1.317117304922 0.459170754038 1.140058765414 -0.729666238045 1.720480000458 1.676321545434 0.054397753013 -1.644439479711 2.539003502633 
-0.468444282984 -0.790013393832 -2.041636364896 0.092588760696 0.561747020635 -1.247862999730 2.091117449549 -0.247127417625 0.973296681085 -1.981094061609 -0.469837656996 0.444098304761 -0.638133629804 1.676321545434 10.825722664082 2.281804388089 -13.369315158762 3.062708067663 
1.673634874206 0.327185241701 0.134428141420 -0.023016706134 -0.414665883755 0.452560839257 -1.177502403717 -1.221343225418 -1.263947685321 -0.001421357099 0.213604398969 -4.227186579874 -1.886427573481 0.054397753013 2.281804388089 6.192529193878 -5.916277283007 -0.669941557155 
-0.133020612207 -0.095074887030 1.170739437137 0.586653724901 -1.567569637820 2.537691098137 -1.745273192403 0.443876285306 0.038581426900 0.960665641839 -0.749476289525 2.984753051874 2.670791111640 -1.644439479711 -13.369315158762 -5.916277283007 60.930783184970 -4.965344052876 
-0.093703257678 0.298378343905 -1.452040800753 -1.385320785246 2.980399497095 -5.136409359892 12.140300977609 2.565310166106 -0.631475620886 -3.982816014362 1.801872432997 5.946139913815 -0.675430598076 2.539003502633 3.062708067663 -0.669941557155 -4.965344052876 15.945901620145 
